# Number of parameters = 67  Objective function value = 24014.3  Maximum gradient component = 0.000313043
# aAge1:
 0.553586
# aFt:
 -1.65440
# aYr1:
 0.321790
# dAge1:
 -1.03256 2.62331 0.555923 1.80226 0.136656 2.24581 0.413770 1.28935 -0.0228648 0.163527 0.260968 -0.161291 1.32079 -1.64969 0.903167 -1.23553 -2.90027 -0.232360 -1.53581 -2.04101 -3.17184 -2.35429 1.03777 -3.24636 -0.144242 2.68467 1.74862 -0.595424 3.13697
# dFt:
 -0.586455 -0.277709 -0.152796 -0.0793206 0.0393957 0.0864425 0.115476 0.0602146 0.000559790 -0.0294763 0.0387735 0.109692 0.765238 0.828466 0.616140 0.996918 0.386530 0.882617 0.661175 0.315712 0.178381 0.164911 -0.206287 -0.489783 -0.516900 -1.10557 -0.708742 -0.955355 -0.682393 -0.455861
# FICsel:
 0.0145912 1.00000 1.00000
# agesel:
 0.634511 0.463416
# Yr1:
 1.15811 1.04275 0.927387 0.812027 0.696667 0.581307 0.465947 0.350587 0.235227 0.119867 0.00450686 -0.110853 -0.226213 -0.341573 -0.456933 -0.572293 -0.687653 -0.803013 -0.918373 -1.03373 -1.14909 -1.26445 -1.37981 -1.49517 -1.61053 -1.72589 -1.84125 -1.95661 -2.07197 -2.18733 -2.30269
