# "SpinyDog.dat" produced by dat_write() from ADMButils; Tue Aug 02 23:09:43 2011
# Nammack growth, GB survey estimates 

# Nsp 
 1 

# nFIC 
 2 

# Fyr 
 1978 

# Lyr 
 2007 

# Nage 
 31 

# Nlenbins 
 108 

# nMseg 
 1 

# Nseg 
 1 

# AgePartRect 
 13 

# AgeFullRect 
 15 

# Survey_AgeFullRect 
 4 

# FICs_lage 
 1 

# M1yr 
 1978 

# TCwt 
 150 

# CPwt 
 35 

# Bwt 
 1e+15 

# Ywt 
 500 

# Rwt 
 100 

# Bthres 
 1e-07 

# Rthres 
 1 

# TSwt 
 50 150 

# SPwt 
 50 50 

# iM2 
 0 0 0 0 0 0 0 0 0 0 0 0 0 0 0 0 0 0 0 0 0 0 0 0 0 0 0 0 0 0 0 

# fic_fage 
 1 1 

# fic_lage 
 31 31 

# FICmonth 
 4 10 

# FICyr 
 0 

# TotCatch 
 2.030172 2.599509 2.706999 2.899760 2.978346 2.845964 2.687866 2.375271 2.105878 1.965369 2.033360 2.12573 3.63851 2.74516 3.69138 3.465497 2.925373 3.50407 3.46344 2.372082 2.624401 2.257186 1.560302 1.173852 1.082717 0.68557 0.9291453 0.8749375 0.9859247 1.181258 

# WtAtAge 
0.070306954497863 0.152420104758998 0.264694425129906 0.401479448339297 0.556169351169877 0.722299841247507 0.8941193899773 1.06683063211692 1.23663604257604 1.40067582862234 1.55691360266357 1.70400354565029 1.84115843816349 1.96802879267484 2.08459766689172 2.19109238106495 2.28791248372662 2.37557236063093 2.45465649732968 2.52578535094784 2.58958991125892 2.64669324194977 2.69769753408523 2.74317544324499 2.78366470269993 2.81966519968135 2.85163786811479 2.88000489006197 2.90515081203045 2.92742427441885 2.98817318363002
0.070306954497863 0.152420104758998 0.264694425129906 0.401479448339297 0.556169351169877 0.722299841247507 0.8941193899773 1.06683063211692 1.23663604257604 1.40067582862234 1.55691360266357 1.70400354565029 1.84115843816349 1.96802879267484 2.08459766689172 2.19109238106495 2.28791248372662 2.37557236063093 2.45465649732968 2.52578535094784 2.58958991125892 2.64669324194977 2.69769753408523 2.74317544324499 2.78366470269993 2.81966519968135 2.85163786811479 2.88000489006197 2.90515081203045 2.92742427441885 2.98817318363002
0.070306954497863 0.152420104758998 0.264694425129906 0.401479448339297 0.556169351169877 0.722299841247507 0.8941193899773 1.06683063211692 1.23663604257604 1.40067582862234 1.55691360266357 1.70400354565029 1.84115843816349 1.96802879267484 2.08459766689172 2.19109238106495 2.28791248372662 2.37557236063093 2.45465649732968 2.52578535094784 2.58958991125892 2.64669324194977 2.69769753408523 2.74317544324499 2.78366470269993 2.81966519968135 2.85163786811479 2.88000489006197 2.90515081203045 2.92742427441885 2.98817318363002
0.070306954497863 0.152420104758998 0.264694425129906 0.401479448339297 0.556169351169877 0.722299841247507 0.8941193899773 1.06683063211692 1.23663604257604 1.40067582862234 1.55691360266357 1.70400354565029 1.84115843816349 1.96802879267484 2.08459766689172 2.19109238106495 2.28791248372662 2.37557236063093 2.45465649732968 2.52578535094784 2.58958991125892 2.64669324194977 2.69769753408523 2.74317544324499 2.78366470269993 2.81966519968135 2.85163786811479 2.88000489006197 2.90515081203045 2.92742427441885 2.98817318363002
0.070306954497863 0.152420104758998 0.264694425129906 0.401479448339297 0.556169351169877 0.722299841247507 0.8941193899773 1.06683063211692 1.23663604257604 1.40067582862234 1.55691360266357 1.70400354565029 1.84115843816349 1.96802879267484 2.08459766689172 2.19109238106495 2.28791248372662 2.37557236063093 2.45465649732968 2.52578535094784 2.58958991125892 2.64669324194977 2.69769753408523 2.74317544324499 2.78366470269993 2.81966519968135 2.85163786811479 2.88000489006197 2.90515081203045 2.92742427441885 2.98817318363002
0.070306954497863 0.152420104758998 0.264694425129906 0.401479448339297 0.556169351169877 0.722299841247507 0.8941193899773 1.06683063211692 1.23663604257604 1.40067582862234 1.55691360266357 1.70400354565029 1.84115843816349 1.96802879267484 2.08459766689172 2.19109238106495 2.28791248372662 2.37557236063093 2.45465649732968 2.52578535094784 2.58958991125892 2.64669324194977 2.69769753408523 2.74317544324499 2.78366470269993 2.81966519968135 2.85163786811479 2.88000489006197 2.90515081203045 2.92742427441885 2.98817318363002
0.070306954497863 0.152420104758998 0.264694425129906 0.401479448339297 0.556169351169877 0.722299841247507 0.8941193899773 1.06683063211692 1.23663604257604 1.40067582862234 1.55691360266357 1.70400354565029 1.84115843816349 1.96802879267484 2.08459766689172 2.19109238106495 2.28791248372662 2.37557236063093 2.45465649732968 2.52578535094784 2.58958991125892 2.64669324194977 2.69769753408523 2.74317544324499 2.78366470269993 2.81966519968135 2.85163786811479 2.88000489006197 2.90515081203045 2.92742427441885 2.98817318363002
0.070306954497863 0.152420104758998 0.264694425129906 0.401479448339297 0.556169351169877 0.722299841247507 0.8941193899773 1.06683063211692 1.23663604257604 1.40067582862234 1.55691360266357 1.70400354565029 1.84115843816349 1.96802879267484 2.08459766689172 2.19109238106495 2.28791248372662 2.37557236063093 2.45465649732968 2.52578535094784 2.58958991125892 2.64669324194977 2.69769753408523 2.74317544324499 2.78366470269993 2.81966519968135 2.85163786811479 2.88000489006197 2.90515081203045 2.92742427441885 2.98817318363002
0.070306954497863 0.152420104758998 0.264694425129906 0.401479448339297 0.556169351169877 0.722299841247507 0.8941193899773 1.06683063211692 1.23663604257604 1.40067582862234 1.55691360266357 1.70400354565029 1.84115843816349 1.96802879267484 2.08459766689172 2.19109238106495 2.28791248372662 2.37557236063093 2.45465649732968 2.52578535094784 2.58958991125892 2.64669324194977 2.69769753408523 2.74317544324499 2.78366470269993 2.81966519968135 2.85163786811479 2.88000489006197 2.90515081203045 2.92742427441885 2.98817318363002
0.070306954497863 0.152420104758998 0.264694425129906 0.401479448339297 0.556169351169877 0.722299841247507 0.8941193899773 1.06683063211692 1.23663604257604 1.40067582862234 1.55691360266357 1.70400354565029 1.84115843816349 1.96802879267484 2.08459766689172 2.19109238106495 2.28791248372662 2.37557236063093 2.45465649732968 2.52578535094784 2.58958991125892 2.64669324194977 2.69769753408523 2.74317544324499 2.78366470269993 2.81966519968135 2.85163786811479 2.88000489006197 2.90515081203045 2.92742427441885 2.98817318363002
0.070306954497863 0.152420104758998 0.264694425129906 0.401479448339297 0.556169351169877 0.722299841247507 0.8941193899773 1.06683063211692 1.23663604257604 1.40067582862234 1.55691360266357 1.70400354565029 1.84115843816349 1.96802879267484 2.08459766689172 2.19109238106495 2.28791248372662 2.37557236063093 2.45465649732968 2.52578535094784 2.58958991125892 2.64669324194977 2.69769753408523 2.74317544324499 2.78366470269993 2.81966519968135 2.85163786811479 2.88000489006197 2.90515081203045 2.92742427441885 2.98817318363002
0.070306954497863 0.152420104758998 0.264694425129906 0.401479448339297 0.556169351169877 0.722299841247507 0.8941193899773 1.06683063211692 1.23663604257604 1.40067582862234 1.55691360266357 1.70400354565029 1.84115843816349 1.96802879267484 2.08459766689172 2.19109238106495 2.28791248372662 2.37557236063093 2.45465649732968 2.52578535094784 2.58958991125892 2.64669324194977 2.69769753408523 2.74317544324499 2.78366470269993 2.81966519968135 2.85163786811479 2.88000489006197 2.90515081203045 2.92742427441885 2.98817318363002
0.070306954497863 0.152420104758998 0.264694425129906 0.401479448339297 0.556169351169877 0.722299841247507 0.8941193899773 1.06683063211692 1.23663604257604 1.40067582862234 1.55691360266357 1.70400354565029 1.84115843816349 1.96802879267484 2.08459766689172 2.19109238106495 2.28791248372662 2.37557236063093 2.45465649732968 2.52578535094784 2.58958991125892 2.64669324194977 2.69769753408523 2.74317544324499 2.78366470269993 2.81966519968135 2.85163786811479 2.88000489006197 2.90515081203045 2.92742427441885 2.98817318363002
0.070306954497863 0.152420104758998 0.264694425129906 0.401479448339297 0.556169351169877 0.722299841247507 0.8941193899773 1.06683063211692 1.23663604257604 1.40067582862234 1.55691360266357 1.70400354565029 1.84115843816349 1.96802879267484 2.08459766689172 2.19109238106495 2.28791248372662 2.37557236063093 2.45465649732968 2.52578535094784 2.58958991125892 2.64669324194977 2.69769753408523 2.74317544324499 2.78366470269993 2.81966519968135 2.85163786811479 2.88000489006197 2.90515081203045 2.92742427441885 2.98817318363002
0.070306954497863 0.152420104758998 0.264694425129906 0.401479448339297 0.556169351169877 0.722299841247507 0.8941193899773 1.06683063211692 1.23663604257604 1.40067582862234 1.55691360266357 1.70400354565029 1.84115843816349 1.96802879267484 2.08459766689172 2.19109238106495 2.28791248372662 2.37557236063093 2.45465649732968 2.52578535094784 2.58958991125892 2.64669324194977 2.69769753408523 2.74317544324499 2.78366470269993 2.81966519968135 2.85163786811479 2.88000489006197 2.90515081203045 2.92742427441885 2.98817318363002
0.070306954497863 0.152420104758998 0.264694425129906 0.401479448339297 0.556169351169877 0.722299841247507 0.8941193899773 1.06683063211692 1.23663604257604 1.40067582862234 1.55691360266357 1.70400354565029 1.84115843816349 1.96802879267484 2.08459766689172 2.19109238106495 2.28791248372662 2.37557236063093 2.45465649732968 2.52578535094784 2.58958991125892 2.64669324194977 2.69769753408523 2.74317544324499 2.78366470269993 2.81966519968135 2.85163786811479 2.88000489006197 2.90515081203045 2.92742427441885 2.98817318363002
0.070306954497863 0.152420104758998 0.264694425129906 0.401479448339297 0.556169351169877 0.722299841247507 0.8941193899773 1.06683063211692 1.23663604257604 1.40067582862234 1.55691360266357 1.70400354565029 1.84115843816349 1.96802879267484 2.08459766689172 2.19109238106495 2.28791248372662 2.37557236063093 2.45465649732968 2.52578535094784 2.58958991125892 2.64669324194977 2.69769753408523 2.74317544324499 2.78366470269993 2.81966519968135 2.85163786811479 2.88000489006197 2.90515081203045 2.92742427441885 2.98817318363002
0.070306954497863 0.152420104758998 0.264694425129906 0.401479448339297 0.556169351169877 0.722299841247507 0.8941193899773 1.06683063211692 1.23663604257604 1.40067582862234 1.55691360266357 1.70400354565029 1.84115843816349 1.96802879267484 2.08459766689172 2.19109238106495 2.28791248372662 2.37557236063093 2.45465649732968 2.52578535094784 2.58958991125892 2.64669324194977 2.69769753408523 2.74317544324499 2.78366470269993 2.81966519968135 2.85163786811479 2.88000489006197 2.90515081203045 2.92742427441885 2.98817318363002
0.070306954497863 0.152420104758998 0.264694425129906 0.401479448339297 0.556169351169877 0.722299841247507 0.8941193899773 1.06683063211692 1.23663604257604 1.40067582862234 1.55691360266357 1.70400354565029 1.84115843816349 1.96802879267484 2.08459766689172 2.19109238106495 2.28791248372662 2.37557236063093 2.45465649732968 2.52578535094784 2.58958991125892 2.64669324194977 2.69769753408523 2.74317544324499 2.78366470269993 2.81966519968135 2.85163786811479 2.88000489006197 2.90515081203045 2.92742427441885 2.98817318363002
0.070306954497863 0.152420104758998 0.264694425129906 0.401479448339297 0.556169351169877 0.722299841247507 0.8941193899773 1.06683063211692 1.23663604257604 1.40067582862234 1.55691360266357 1.70400354565029 1.84115843816349 1.96802879267484 2.08459766689172 2.19109238106495 2.28791248372662 2.37557236063093 2.45465649732968 2.52578535094784 2.58958991125892 2.64669324194977 2.69769753408523 2.74317544324499 2.78366470269993 2.81966519968135 2.85163786811479 2.88000489006197 2.90515081203045 2.92742427441885 2.98817318363002
0.070306954497863 0.152420104758998 0.264694425129906 0.401479448339297 0.556169351169877 0.722299841247507 0.8941193899773 1.06683063211692 1.23663604257604 1.40067582862234 1.55691360266357 1.70400354565029 1.84115843816349 1.96802879267484 2.08459766689172 2.19109238106495 2.28791248372662 2.37557236063093 2.45465649732968 2.52578535094784 2.58958991125892 2.64669324194977 2.69769753408523 2.74317544324499 2.78366470269993 2.81966519968135 2.85163786811479 2.88000489006197 2.90515081203045 2.92742427441885 2.98817318363002
0.070306954497863 0.152420104758998 0.264694425129906 0.401479448339297 0.556169351169877 0.722299841247507 0.8941193899773 1.06683063211692 1.23663604257604 1.40067582862234 1.55691360266357 1.70400354565029 1.84115843816349 1.96802879267484 2.08459766689172 2.19109238106495 2.28791248372662 2.37557236063093 2.45465649732968 2.52578535094784 2.58958991125892 2.64669324194977 2.69769753408523 2.74317544324499 2.78366470269993 2.81966519968135 2.85163786811479 2.88000489006197 2.90515081203045 2.92742427441885 2.98817318363002
0.070306954497863 0.152420104758998 0.264694425129906 0.401479448339297 0.556169351169877 0.722299841247507 0.8941193899773 1.06683063211692 1.23663604257604 1.40067582862234 1.55691360266357 1.70400354565029 1.84115843816349 1.96802879267484 2.08459766689172 2.19109238106495 2.28791248372662 2.37557236063093 2.45465649732968 2.52578535094784 2.58958991125892 2.64669324194977 2.69769753408523 2.74317544324499 2.78366470269993 2.81966519968135 2.85163786811479 2.88000489006197 2.90515081203045 2.92742427441885 2.98817318363002
0.070306954497863 0.152420104758998 0.264694425129906 0.401479448339297 0.556169351169877 0.722299841247507 0.8941193899773 1.06683063211692 1.23663604257604 1.40067582862234 1.55691360266357 1.70400354565029 1.84115843816349 1.96802879267484 2.08459766689172 2.19109238106495 2.28791248372662 2.37557236063093 2.45465649732968 2.52578535094784 2.58958991125892 2.64669324194977 2.69769753408523 2.74317544324499 2.78366470269993 2.81966519968135 2.85163786811479 2.88000489006197 2.90515081203045 2.92742427441885 2.98817318363002
0.070306954497863 0.152420104758998 0.264694425129906 0.401479448339297 0.556169351169877 0.722299841247507 0.8941193899773 1.06683063211692 1.23663604257604 1.40067582862234 1.55691360266357 1.70400354565029 1.84115843816349 1.96802879267484 2.08459766689172 2.19109238106495 2.28791248372662 2.37557236063093 2.45465649732968 2.52578535094784 2.58958991125892 2.64669324194977 2.69769753408523 2.74317544324499 2.78366470269993 2.81966519968135 2.85163786811479 2.88000489006197 2.90515081203045 2.92742427441885 2.98817318363002
0.070306954497863 0.152420104758998 0.264694425129906 0.401479448339297 0.556169351169877 0.722299841247507 0.8941193899773 1.06683063211692 1.23663604257604 1.40067582862234 1.55691360266357 1.70400354565029 1.84115843816349 1.96802879267484 2.08459766689172 2.19109238106495 2.28791248372662 2.37557236063093 2.45465649732968 2.52578535094784 2.58958991125892 2.64669324194977 2.69769753408523 2.74317544324499 2.78366470269993 2.81966519968135 2.85163786811479 2.88000489006197 2.90515081203045 2.92742427441885 2.98817318363002
0.070306954497863 0.152420104758998 0.264694425129906 0.401479448339297 0.556169351169877 0.722299841247507 0.8941193899773 1.06683063211692 1.23663604257604 1.40067582862234 1.55691360266357 1.70400354565029 1.84115843816349 1.96802879267484 2.08459766689172 2.19109238106495 2.28791248372662 2.37557236063093 2.45465649732968 2.52578535094784 2.58958991125892 2.64669324194977 2.69769753408523 2.74317544324499 2.78366470269993 2.81966519968135 2.85163786811479 2.88000489006197 2.90515081203045 2.92742427441885 2.98817318363002
0.070306954497863 0.152420104758998 0.264694425129906 0.401479448339297 0.556169351169877 0.722299841247507 0.8941193899773 1.06683063211692 1.23663604257604 1.40067582862234 1.55691360266357 1.70400354565029 1.84115843816349 1.96802879267484 2.08459766689172 2.19109238106495 2.28791248372662 2.37557236063093 2.45465649732968 2.52578535094784 2.58958991125892 2.64669324194977 2.69769753408523 2.74317544324499 2.78366470269993 2.81966519968135 2.85163786811479 2.88000489006197 2.90515081203045 2.92742427441885 2.98817318363002
0.070306954497863 0.152420104758998 0.264694425129906 0.401479448339297 0.556169351169877 0.722299841247507 0.8941193899773 1.06683063211692 1.23663604257604 1.40067582862234 1.55691360266357 1.70400354565029 1.84115843816349 1.96802879267484 2.08459766689172 2.19109238106495 2.28791248372662 2.37557236063093 2.45465649732968 2.52578535094784 2.58958991125892 2.64669324194977 2.69769753408523 2.74317544324499 2.78366470269993 2.81966519968135 2.85163786811479 2.88000489006197 2.90515081203045 2.92742427441885 2.98817318363002
0.070306954497863 0.152420104758998 0.264694425129906 0.401479448339297 0.556169351169877 0.722299841247507 0.8941193899773 1.06683063211692 1.23663604257604 1.40067582862234 1.55691360266357 1.70400354565029 1.84115843816349 1.96802879267484 2.08459766689172 2.19109238106495 2.28791248372662 2.37557236063093 2.45465649732968 2.52578535094784 2.58958991125892 2.64669324194977 2.69769753408523 2.74317544324499 2.78366470269993 2.81966519968135 2.85163786811479 2.88000489006197 2.90515081203045 2.92742427441885 2.98817318363002

# AgeLengthKey 
6.8e-06 0 0 0 0 0 0 0 0 0 0 0 0 0 0 0 0 0 0 0 0 0 0 0 0 0 0 0 0 0 0
3.24e-05 1e-07 0 0 0 0 0 0 0 0 0 0 0 0 0 0 0 0 0 0 0 0 0 0 0 0 0 0 0 0 0
0.0001356 2e-07 0 0 0 0 0 0 0 0 0 0 0 0 0 0 0 0 0 0 0 0 0 0 0 0 0 0 0 0 0
0.0004964 1e-06 0 0 0 0 0 0 0 0 0 0 0 0 0 0 0 0 0 0 0 0 0 0 0 0 0 0 0 0 0
0.0015907 3.8e-06 0 0 0 0 0 0 0 0 0 0 0 0 0 0 0 0 0 0 0 0 0 0 0 0 0 0 0 0 0
0.0044606 1.35e-05 1e-07 0 0 0 0 0 0 0 0 0 0 0 0 0 0 0 0 0 0 0 0 0 0 0 0 0 0 0 0
0.0109458 4.36e-05 5e-07 0 0 0 0 0 0 0 0 0 0 0 0 0 0 0 0 0 0 0 0 0 0 0 0 0 0 0 0
0.0235052 0.00013 1.5e-06 0 0 0 0 0 0 0 0 0 0 0 0 0 0 0 0 0 0 0 0 0 0 0 0 0 0 0 0
0.0441722 0.0003572 4.5e-06 1e-07 0 0 0 0 0 0 0 0 0 0 0 0 0 0 0 0 0 0 0 0 0 0 0 0 0 0 0
0.0726457 0.0009048 1.27e-05 4e-07 0 0 0 0 0 0 0 0 0 0 0 0 0 0 0 0 0 0 0 0 0 0 0 0 0 0 0
0.1045563 0.0021119 3.4e-05 1.1e-06 1e-07 0 0 0 0 0 0 0 0 0 0 0 0 0 0 0 0 0 0 0 0 0 0 0 0 0 0
0.1316963 0.0045431 8.59e-05 3e-06 2e-07 0 0 0 0 0 0 0 0 0 0 0 0 0 0 0 0 0 0 0 0 0 0 0 0 0 0
0.1451714 0.0090071 0.0002048 7.5e-06 5e-07 1e-07 0 0 0 0 0 0 0 0 0 0 0 0 0 0 0 0 0 0 0 0 0 0 0 0 0
0.1400472 0.016458 0.000461 1.82e-05 1.3e-06 1e-07 0 0 0 0 0 0 0 0 0 0 0 0 0 0 0 0 0 0 0 0 0 0 0 0 0
0.1182368 0.0277156 0.0009799 4.22e-05 3e-06 3e-07 1e-07 0 0 0 0 0 0 0 0 0 0 0 0 0 0 0 0 0 0 0 0 0 0 0 0
0.0873604 0.0430159 0.0019665 9.35e-05 6.9e-06 8e-07 1e-07 0 0 0 0 0 0 0 0 0 0 0 0 0 0 0 0 0 0 0 0 0 0 0 0
0.0564882 0.0615307 0.0037264 0.0001984 1.54e-05 1.8e-06 3e-07 1e-07 0 0 0 0 0 0 0 0 0 0 0 0 0 0 0 0 0 0 0 0 0 0 0
0.0319653 0.0811174 0.0066671 0.0004025 3.29e-05 4e-06 7e-07 2e-07 0 0 0 0 0 0 0 0 0 0 0 0 0 0 0 0 0 0 0 0 0 0 0
0.0158296 0.0985588 0.0112627 0.0007815 6.8e-05 8.4e-06 1.5e-06 3e-07 1e-07 0 0 0 0 0 0 0 0 0 0 0 0 0 0 0 0 0 0 0 0 0 0
0.0068601 0.1103664 0.0179644 0.0014521 0.0001355 1.73e-05 3e-06 7e-07 2e-07 1e-07 0 0 0 0 0 0 0 0 0 0 0 0 0 0 0 0 0 0 0 0 0
0.0026016 0.1139039 0.0270546 0.0025818 0.0002608 3.47e-05 6.2e-06 1.5e-06 4e-07 2e-07 1e-07 0 0 0 0 0 0 0 0 0 0 0 0 0 0 0 0 0 0 0 0
0.0008634 0.1083429 0.0384708 0.0043926 0.0004842 6.73e-05 1.23e-05 2.9e-06 9e-07 3e-07 1e-07 1e-07 0 0 0 0 0 0 0 0 0 0 0 0 0 0 0 0 0 0 0
0.0002507 0.0949779 0.0516513 0.0071517 0.0008674 0.0001268 2.39e-05 5.7e-06 1.7e-06 6e-07 3e-07 1e-07 1e-07 0 0 0 0 0 0 0 0 0 0 0 0 0 0 0 0 0 0
6.37e-05 0.0767369 0.0654776 0.0111424 0.0014993 0.0002317 4.49e-05 1.1e-05 3.3e-06 1.2e-06 5e-07 2e-07 1e-07 1e-07 0 0 0 0 0 0 0 0 0 0 0 0 0 0 0 0 0
1.42e-05 0.0571407 0.0783728 0.0166121 0.0025005 0.0004106 8.24e-05 2.05e-05 6.2e-06 2.2e-06 9e-07 4e-07 2e-07 1e-07 1e-07 1e-07 0 0 0 0 0 0 0 0 0 0 0 0 0 0 0
2.8e-06 0.0392144 0.0885727 0.0237001 0.0040238 0.0007061 0.0001472 3.74e-05 1.15e-05 4.2e-06 1.7e-06 8e-07 4e-07 2e-07 2e-07 1e-07 1e-07 1e-07 0 0 0 0 0 0 0 0 0 0 0 0 0
5e-07 0.024803 0.0945139 0.032356 0.0062475 0.0011779 0.0002561 6.68e-05 2.08e-05 7.6e-06 3.2e-06 1.5e-06 8e-07 5e-07 3e-07 2e-07 1e-07 1e-07 1e-07 1e-07 0 0 0 0 0 0 0 0 0 0 0
1e-07 0.0144584 0.0952254 0.0422706 0.0093595 0.0019066 0.000434 0.0001164 3.7e-05 1.37e-05 5.8e-06 2.8e-06 1.5e-06 8e-07 5e-07 3e-07 2e-07 2e-07 1e-07 1e-07 1e-07 1e-07 1e-07 1e-07 0 0 0 0 0 0 0
0 0.0077677 0.0905882 0.0528447 0.013529 0.002994 0.0007162 0.0001982 6.41e-05 2.41e-05 1.03e-05 4.9e-06 2.6e-06 1.5e-06 9e-07 6e-07 4e-07 3e-07 2e-07 2e-07 2e-07 1e-07 1e-07 1e-07 1e-07 1e-07 1e-07 1e-07 1e-07 1e-07 0
0 0.0038461 0.0813677 0.0632184 0.0188691 0.0045614 0.0011512 0.0003295 0.000109 4.15e-05 1.79e-05 8.7e-06 4.6e-06 2.7e-06 1.7e-06 1.1e-06 8e-07 6e-07 4e-07 3e-07 3e-07 2e-07 2e-07 2e-07 2e-07 1e-07 1e-07 1e-07 1e-07 1e-07 1e-07
0 0.0017551 0.0690071 0.0723712 0.0253926 0.0067423 0.0018021 0.0005349 0.0001813 7.01e-05 3.06e-05 1.49e-05 8e-06 4.6e-06 2.9e-06 1.9e-06 1.3e-06 1e-06 8e-07 6e-07 5e-07 4e-07 3e-07 3e-07 3e-07 2e-07 2e-07 2e-07 2e-07 2e-07 1e-07
0 0.0007381 0.0552582 0.0792807 0.0329711 0.0096688 0.0027475 0.0008483 0.000295 0.0001161 5.14e-05 2.52e-05 1.36e-05 7.9e-06 5e-06 3.3e-06 2.3e-06 1.7e-06 1.3e-06 1e-06 8e-07 7e-07 6e-07 5e-07 5e-07 4e-07 4e-07 3e-07 3e-07 3e-07 3e-07
0 0.0002861 0.0417793 0.0831091 0.0413077 0.0134523 0.0040799 0.0013139 0.00047 0.0001886 8.46e-05 4.19e-05 2.27e-05 1.33e-05 8.4e-06 5.6e-06 3.9e-06 2.9e-06 2.2e-06 1.7e-06 1.4e-06 1.2e-06 1e-06 9e-07 8e-07 7e-07 6e-07 6e-07 5e-07 5e-07 4e-07
0 0.0001022 0.0298254 0.0833699 0.0499343 0.0181584 0.0059004 0.0019876 0.0007329 0.0003004 0.0001367 6.85e-05 3.75e-05 2.21e-05 1.4e-05 9.3e-06 6.6e-06 4.8e-06 3.7e-06 2.9e-06 2.4e-06 2e-06 1.7e-06 1.5e-06 1.3e-06 1.2e-06 1.1e-06 1e-06 9e-07 9e-07 7e-07
0 3.36e-05 0.0201035 0.0800294 0.0582421 0.0237803 0.008311 0.0029367 0.0011186 0.000469 0.0002169 0.00011 6.06e-05 3.6e-05 2.29e-05 1.54e-05 1.08e-05 8e-06 6.1e-06 4.9e-06 4e-06 3.3e-06 2.8e-06 2.5e-06 2.2e-06 2e-06 1.8e-06 1.7e-06 1.5e-06 1.4e-06 1.2e-06
0 1.02e-05 0.0127944 0.0735139 0.0655459 0.0302145 0.0114013 0.0042379 0.001671 0.0007178 0.0003377 0.0001735 9.66e-05 5.78e-05 3.69e-05 2.49e-05 1.76e-05 1.3e-05 1e-05 8e-06 6.5e-06 5.4e-06 4.7e-06 4.1e-06 3.6e-06 3.2e-06 3e-06 2.7e-06 2.5e-06 2.4e-06 2e-06
0 2.9e-06 0.0076882 0.0646203 0.0711746 0.0372453 0.0152331 0.0059729 0.0024432 0.001077 0.0005164 0.0002689 0.0001513 9.13e-05 5.86e-05 3.97e-05 2.83e-05 2.1e-05 1.61e-05 1.28e-05 1.05e-05 8.8e-06 7.5e-06 6.6e-06 5.9e-06 5.3e-06 4.8e-06 4.4e-06 4.1e-06 3.9e-06 3.3e-06
0 7e-07 0.0043621 0.054356 0.0745719 0.0445436 0.0198224 0.0082221 0.0034963 0.0015843 0.000775 0.0004097 0.0002331 0.0001418 9.16e-05 6.24e-05 4.46e-05 3.32e-05 2.57e-05 2.04e-05 1.68e-05 1.41e-05 1.21e-05 1.06e-05 9.4e-06 8.5e-06 7.7e-06 7.1e-06 6.6e-06 6.2e-06 5.3e-06
0 2e-07 0.0023368 0.0437529 0.075387 0.0516841 0.0251222 0.0110545 0.0048972 0.0022849 0.0011418 0.0006133 0.0003531 0.0002169 0.0001411 9.68e-05 6.94e-05 5.19e-05 4.02e-05 3.21e-05 2.64e-05 2.22e-05 1.91e-05 1.67e-05 1.48e-05 1.34e-05 1.22e-05 1.13e-05 1.05e-05 9.9e-06 8.4e-06
0 0 0.001182 0.0337011 0.073534 0.0581817 0.0310093 0.0145161 0.0067137 0.0032305 0.0016513 0.0009021 0.0005262 0.0003264 0.0002141 0.0001477 0.0001065 7.99e-05 6.21e-05 4.98e-05 4.1e-05 3.45e-05 2.97e-05 2.6e-05 2.32e-05 2.09e-05 1.91e-05 1.77e-05 1.65e-05 1.55e-05 1.32e-05
0 0 0.0005645 0.0248406 0.069207 0.063544 0.0372785 0.0186173 0.0090086 0.004478 0.0023443 0.001304 0.0007712 0.0004835 0.0003198 0.0002221 0.0001611 0.0001214 9.47e-05 7.61e-05 6.28e-05 5.3e-05 4.57e-05 4.01e-05 3.58e-05 3.23e-05 2.96e-05 2.74e-05 2.56e-05 2.41e-05 2.05e-05
0 0 0.0002545 0.017521 0.0628468 0.0673319 0.0436475 0.0233207 0.0118313 0.0060853 0.0032672 0.0018522 0.0011115 0.0007048 0.0004705 0.0003291 0.0002401 0.0001818 0.0001423 0.0001148 9.5e-05 8.04e-05 6.94e-05 6.1e-05 5.45e-05 4.93e-05 4.52e-05 4.18e-05 3.91e-05 3.68e-05 3.15e-05
0 0 0.0001084 0.0118259 0.0550664 0.0692189 0.0497728 0.0285314 0.0152086 0.0081072 0.0044698 0.0025853 0.0015756 0.0010112 0.0006815 0.0004804 0.0003526 0.0002684 0.000211 0.0001707 0.0001417 0.0001202 0.000104 9.16e-05 8.19e-05 7.42e-05 6.81e-05 6.31e-05 5.9e-05 5.56e-05 4.76e-05
0 0 4.36e-05 0.0076381 0.0465544 0.0690378 0.0552788 0.0340927 0.0191347 0.010589 0.0060028 0.003546 0.0021966 0.0014279 0.0009721 0.0006908 0.0005105 0.0003907 0.0003085 0.0002506 0.0002086 0.0001775 0.0001539 0.0001358 0.0001216 0.0001104 0.0001013 9.4e-05 8.8e-05 8.3e-05 7.12e-05
0 0 1.65e-05 0.0047209 0.0379757 0.0668047 0.059794 0.0397883 0.0235633 0.0135592 0.0079136 0.0047795 0.0030119 0.0019845 0.0013656 0.0009789 0.0007284 0.0005607 0.0004449 0.0003628 0.000303 0.0002585 0.0002248 0.0001987 0.0001783 0.000162 0.0001489 0.0001383 0.0001295 0.0001223 0.0001052
0 0 5.9e-06 0.0027921 0.0298897 0.062717 0.0629927 0.0453532 0.0284007 0.0170218 0.0102413 0.0063303 0.0040616 0.0027143 0.001889 0.0013665 0.0010244 0.0007934 0.0006328 0.0005181 0.0004343 0.0003716 0.0003239 0.000287 0.000258 0.0002348 0.0002162 0.0002009 0.0001884 0.0001781 0.0001535
0 0 2e-06 0.0015802 0.022699 0.0571244 0.0646332 0.0504913 0.0335044 0.0209494 0.0130103 0.0082391 0.0053867 0.0036537 0.0025733 0.0018794 0.00142 0.0011069 0.0008876 0.00073 0.0006142 0.0005273 0.0004609 0.0004093 0.0003686 0.0003361 0.0003098 0.0002884 0.0002707 0.0002561 0.0002212
0 0 6e-07 0.0008558 0.0166327 0.0504796 0.0645883 0.0549012 0.038686 0.0252772 0.0162247 0.0105376 0.0070264 0.0048406 0.0034519 0.0025466 0.0019401 0.0015227 0.0012279 0.0010147 0.0008571 0.0007383 0.0006472 0.0005761 0.0005199 0.0004749 0.0004385 0.0004087 0.0003841 0.0003637 0.000315
0 0 2e-07 0.0004435 0.0117595 0.0432782 0.0628616 0.0583048 0.0437206 0.0299005 0.0198619 0.0132437 0.0090138 0.0063115 0.0045599 0.0033998 0.0026126 0.0020652 0.0016753 0.0013913 0.0011802 0.0010202 0.000897 0.0008006 0.0007241 0.0006627 0.0006129 0.0005721 0.0005383 0.0005102 0.0004431
0 0 1e-07 0.00022 0.0080221 0.0359981 0.0595868 0.0604762 0.0483614 0.0346755 0.0238684 0.0163562 0.0113727 0.0080993 0.0059316 0.0044716 0.0034676 0.0027616 0.0022543 0.001882 0.0016035 0.0013914 0.0012272 0.0010982 0.0009957 0.0009131 0.0008459 0.0007907 0.0007451 0.000707 0.0006157
0 0 0 0.0001044 0.0052803 0.0290501 0.0550108 0.0612661 0.0523589 0.0394239 0.0281566 0.0198502 0.014112 0.010229 0.0075983 0.0057946 0.0045362 0.0036411 0.0029917 0.0025113 0.0021496 0.0018726 0.0016572 0.0014873 0.0013517 0.0012422 0.0011529 0.0010795 0.0010185 0.0009676 0.0008452
0 0 0 4.74e-05 0.0033535 0.0227444 0.0494627 0.0606197 0.0554833 0.043943 0.0326056 0.023673 0.0172223 0.0127144 0.009585 0.0073979 0.0058488 0.0047333 0.0039157 0.0033059 0.0028435 0.0024873 0.0022089 0.0019884 0.0018118 0.0016687 0.0015517 0.0014553 0.0013751 0.0013081 0.0011461
0 0 0 2.06e-05 0.0020549 0.0172766 0.0433154 0.058582 0.0575457 0.048019 0.0370648 0.0277428 0.0206712 0.0155536 0.0119066 0.0093054 0.0074329 0.0060667 0.0050547 0.0042932 0.0037114 0.0032604 0.0029061 0.0026243 0.0023976 0.0022135 0.0020624 0.0019376 0.0018336 0.0017465 0.0015353
0 0 0 8.6e-06 0.001215 0.0127321 0.0369436 0.0552931 0.0584177 0.0514434 0.0413605 0.0319487 0.0244014 0.0187259 0.014565 0.0115317 0.0093101 0.0076666 0.0064352 0.0054999 0.0047797 0.0042178 0.0037739 0.0034191 0.0031326 0.002899 0.0027069 0.0025477 0.0024148 0.0023032 0.0020317
0 0 0 3.4e-06 0.0006931 0.0091033 0.030688 0.0509724 0.0580437 0.0540305 0.0453071 0.0361546 0.0283293 0.0221887 0.0175452 0.0140795 0.0114939 0.0095525 0.0080802 0.0069508 0.0060739 0.0053849 0.0048374 0.0043977 0.004041 0.0037492 0.0035084 0.0033083 0.0031409 0.0030001 0.002656
0 0 0 1.3e-06 0.0003815 0.0063148 0.0248274 0.045894 0.0564476 0.0556342 0.0487195 0.0402051 0.0323469 0.0258758 0.0208129 0.0169362 0.0139858 0.0117351 0.0100062 0.0086657 0.0076158 0.0067848 0.0061203 0.0055838 0.0051467 0.0047876 0.0044904 0.0042427 0.0040349 0.0038598 0.0034299
0 0 0 5e-07 0.0002026 0.0042499 0.0195626 0.0403584 0.0537299 0.0561614 0.0514274 0.0439344 0.0363248 0.0296983 0.0243126 0.0200715 0.0167734 0.0142141 0.0122209 0.010658 0.0094223 0.0084366 0.0076431 0.006999 0.0064716 0.0060366 0.0056753 0.0053733 0.0051194 0.0049047 0.0043756
0 0 0 2e-07 0.0001038 0.0027749 0.0150126 0.0346632 0.0500571 0.055581 0.0532897 0.0471777 0.0401187 0.0335464 0.0279676 0.0234357 0.0198274 0.0169752 0.0147206 0.0129313 0.0115024 0.010353 0.0094214 0.0086604 0.0080344 0.0075157 0.0070834 0.0067207 0.006415 0.006156 0.0055144
0 0 0 1e-07 5.13e-05 0.0017578 0.0112206 0.0290777 0.0456453 0.0539273 0.0542059 0.0497823 0.0435777 0.0372936 0.0316815 0.0269595 0.0231005 0.0199879 0.0174878 0.0154777 0.0138551 0.0125383 0.0114629 0.010579 0.0098479 0.0092395 0.0087302 0.0083016 0.0079393 0.0076315 0.0068652
0 0 0 0 2.45e-05 0.0010804 0.0081679 0.0238237 0.0407385 0.0512961 0.0541261 0.0516203 0.0465538 0.0408036 0.0353412 0.0305548 0.026527 0.0232051 0.0204897 0.0182754 0.0164673 0.0149859 0.0137663 0.0127572 0.0119176 0.0112155 0.0106254 0.0101271 0.0097044 0.0093444 0.0084431
0 0 0 0 1.13e-05 0.0006442 0.0057908 0.019064 0.0355872 0.0478357 0.0530545 0.0525985 0.0489126 0.0439378 0.0388225 0.0341179 0.0300238 0.0265619 0.0236767 0.0212874 0.0193119 0.0176765 0.0163185 0.0151867 0.0142393 0.0134429 0.0127705 0.0122004 0.0117153 0.0113011 0.0102578
0 0 0 0 5e-06 0.0003727 0.0039985 0.0148997 0.0304273 0.0437335 0.0510498 0.0526663 0.0505429 0.0465643 0.0419962 0.0375336 0.0334931 0.0299775 0.0269833 0.0244612 0.022347 0.0205769 0.0190934 0.0178472 0.0167973 0.0159097 0.0151567 0.0145157 0.0139684 0.0134995 0.0123114
0 0 0 0 2.1e-06 0.0002092 0.002689 0.0113736 0.0254631 0.0391984 0.0482193 0.0518202 0.0513656 0.0485672 0.0447365 0.0406811 0.036826 0.0333574 0.030329 0.0277286 0.0255154 0.0236393 0.0220509 0.0207052 0.0195633 0.0185921 0.017764 0.0170559 0.016449 0.0159273 0.0145968
0 0 0 0 9e-07 0.0001139 0.0017612 0.0084795 0.0208564 0.0344442 0.04471 0.0501041 0.0513404 0.049855 0.0469289 0.0434411 0.0399086 0.0365973 0.0336208 0.0310081 0.0287459 0.0268016 0.0251368 0.0237131 0.0224956 0.0214533 0.0205595 0.0197917 0.0191308 0.0185608 0.0170965
0 0 0 0 4e-07 6.02e-05 0.0011235 0.0061745 0.0167205 0.0296727 0.0406952 0.0476052 0.0504684 0.0503673 0.0484779 0.0457029 0.0426275 0.0395884 0.0367575 0.0342074 0.031955 0.0299886 0.0282835 0.0268101 0.0255392 0.0244432 0.0234976 0.0226811 0.0219751 0.0213639 0.0197814
0 0 0 0 1e-07 3.08e-05 0.000698 0.0043913 0.0131201 0.0250606 0.0363612 0.044447 0.0487926 0.0500801 0.0493142 0.0473719 0.044877 0.0422228 0.0396344 0.0372273 0.0350504 0.0331149 0.0314121 0.0299233 0.0286265 0.0274992 0.0265199 0.0256694 0.0249305 0.024288 0.0226104
0 0 0 0 1e-07 1.53e-05 0.0004224 0.0030503 0.0100764 0.02075 0.0318925 0.0407791 0.0463941 0.0490068 0.0494 0.0483763 0.046566 0.0444004 0.0421489 0.0399668 0.0379347 0.0360879 0.034435 0.0329701 0.0316798 0.0305478 0.0295569 0.0286907 0.0279339 0.0272729 0.0255305
0 0 0 0 0 7.4e-06 0.0002489 0.0020694 0.0075744 0.0168438 0.0274597 0.0367654 0.0433855 0.0471979 0.0487312 0.0486721 0.0476239 0.0460348 0.0442067 0.0423286 0.0405108 0.0388124 0.0372602 0.0358618 0.0346138 0.0335072 0.0325299 0.0316692 0.0309126 0.0302483 0.0284782
0 0 0 0 0 3.5e-06 0.0001429 0.0013712 0.0055729 0.0134046 0.0232091 0.0325723 0.0399025 0.0447368 0.0473382 0.0482461 0.0480057 0.0470595 0.0457276 0.0442247 0.042687 0.0411955 0.0397951 0.0385074 0.0373396 0.0362906 0.0353545 0.0345229 0.0337865 0.0331358 0.031381
0 0 0 0 0 1.6e-06 7.99e-05 0.0008874 0.0040131 0.0104583 0.0192565 0.0283573 0.0360936 0.0417332 0.0452838 0.0471171 0.0476949 0.0474318 0.0466505 0.045582 0.0443824 0.0431519 0.0419522 0.0408184 0.0397688 0.0388104 0.037944 0.0371662 0.0364713 0.0358528 0.0341606
0 0 0 0 0 7e-07 4.35e-05 0.0005609 0.0028286 0.0079994 0.0156838 0.0242599 0.0321095 0.0383155 0.0426579 0.0453347 0.0467049 0.0471359 0.0469377 0.0463467 0.0455319 0.0446089 0.0436536 0.0427139 0.0418184 0.0409828 0.0402143 0.0395149 0.0388832 0.0383158 0.0367354
0 0 0 0 0 3e-07 2.31e-05 0.0003463 0.0019514 0.0059986 0.0125395 0.0203948 0.0280938 0.0346212 0.0395714 0.0429751 0.0450779 0.0461843 0.0465775 0.046488 0.0460905 0.0455107 0.0448359 0.0441248 0.0434156 0.0427319 0.0420877 0.0414903 0.0409426 0.0404447 0.0390254
0 0 0 0 0 1e-07 1.19e-05 0.0002088 0.0013176 0.00441 0.0098416 0.0168483 0.0241747 0.0307883 0.0361484 0.0401364 0.0428821 0.0446168 0.0455845 0.0460002 0.0460359 0.0458222 0.0454539 0.0449984 0.0445016 0.0439948 0.0434978 0.0430234 0.0425786 0.042167 0.0409557
0 0 0 0 0 0 6e-06 0.000123 0.0008708 0.0031785 0.0075824 0.0136773 0.0204591 0.0269466 0.0325179 0.0369314 0.0402068 0.0424974 0.0439995 0.044903 0.0453704 0.0455312 0.0454839 0.0453013 0.045036 0.0447248 0.0443933 0.044059 0.0437329 0.0434223 0.0424605
0 0 0 0 0 0 2.9e-06 7.07e-05 0.0005633 0.0022459 0.0057346 0.0109107 0.0170288 0.0232112 0.0288059 0.0334801 0.0371565 0.0399106 0.0418856 0.0432402 0.0441203 0.0446491 0.0449246 0.0450221 0.0449982 0.0448945 0.044741 0.0445591 0.0443638 0.0441654 0.043487
0 0 0 0 0 0 1.4e-06 3.97e-05 0.0003566 0.0015558 0.0042575 0.0085528 0.0139398 0.0196774 0.0251284 0.0299029 0.033844 0.036955 0.0393252 0.0410768 0.0423346 0.0432103 0.0437977 0.0441714 0.0443899 0.0444976 0.0445278 0.0445052 0.0444479 0.044369 0.0439987
0 0 0 0 0 0 7e-07 2.18e-05 0.000221 0.0010566 0.0031029 0.0065883 0.0112229 0.0164177 0.0215861 0.0263132 0.0303836 0.033738 0.0364136 0.0384948 0.0400813 0.0412699 0.0421462 0.0427816 0.0432341 0.043549 0.0437617 0.0438992 0.0439821 0.0440256 0.0439769
0 0 0 0 0 0 3e-07 1.17e-05 0.000134 0.0007035 0.0022199 0.0049871 0.0088864 0.0134813 0.0182604 0.0228123 0.0268849 0.0303687 0.0332541 0.0355881 0.0374437 0.0389 0.0400318 0.0409047 0.0415739 0.0420841 0.0424713 0.0427637 0.0429836 0.043148 0.0434226
0 0 0 0 0 0 1e-07 6.1e-06 7.96e-05 0.0004592 0.001559 0.0037096 0.0069202 0.010895 0.0152115 0.019485 0.023447 0.0269522 0.0299512 0.0324567 0.0345148 0.0361857 0.0375312 0.0386092 0.03947 0.0401565 0.0407037 0.0411402 0.0414889 0.041768 0.0423559
0 0 0 0 0 0 1e-07 3.1e-06 4.62e-05 0.0002939 0.0010748 0.0027115 0.0053001 0.0086655 0.0124784 0.0163971 0.0201548 0.0235843 0.0266055 0.0292012 0.0313923 0.0332196 0.0347313 0.0359756 0.0369971 0.0378348 0.0385221 0.0390867 0.0395515 0.0399352 0.0408149
0 0 0 0 0 0 0 1.6e-06 2.63e-05 0.0001844 0.0007274 0.0019476 0.0039923 0.0067833 0.0100802 0.0135946 0.0170758 0.0203475 0.0233087 0.0259175 0.0281729 0.030097 0.0317241 0.0330922 0.0342389 0.0351986 0.0360018 0.0366745 0.0372389 0.0377134 0.0388536
0 0 0 0 0 0 0 8e-07 1.46e-05 0.0001134 0.0004832 0.0013747 0.0029576 0.0052259 0.0080187 0.0111046 0.0142592 0.0173086 0.0201396 0.0226926 0.0249476 0.0269105 0.0286021 0.03005 0.0312842 0.0323339 0.0332258 0.0339838 0.0346284 0.0351775 0.0365386
0 0 0 0 0 0 0 4e-07 8e-06 6.84e-05 0.0003151 0.0009535 0.0021549 0.0039624 0.0062816 0.0089366 0.011736 0.0145168 0.0171621 0.0196006 0.021798 0.0237461 0.0254534 0.0269379 0.0282217 0.0293284 0.0302806 0.0310993 0.0318032 0.0324087 0.0339455
0 0 0 0 0 0 0 2e-07 4.3e-06 4.04e-05 0.0002017 0.0006499 0.0015442 0.0029569 0.0048457 0.0070856 0.0095204 0.0120045 0.0144238 0.0167014 0.018793 0.0206792 0.0223581 0.0238387 0.0251359 0.0262674 0.0272516 0.0281062 0.0288477 0.0294909 0.0311545
0 0 0 0 0 0 0 1e-07 2.2e-06 2.34e-05 0.0001268 0.0004353 0.0010883 0.0021716 0.003681 0.005535 0.0076121 0.0097876 0.0119558 0.0140389 0.0159869 0.0177723 0.0193849 0.0208258 0.0221033 0.0232297 0.024219 0.0250857 0.0258437 0.0265059 0.0282469
0 0 0 0 0 0 0 0 1.1e-06 1.33e-05 7.82e-05 0.0002865 0.0007543 0.0015696 0.0027537 0.0042598 0.0059988 0.007868 0.0097738 0.0116416 0.0134191 0.015074 0.0165895 0.0179607 0.01919 0.0202847 0.0212549 0.0221117 0.0228665 0.0235302 0.0253006
0 0 0 0 0 0 0 0 6e-07 7.4e-06 4.74e-05 0.0001853 0.0005142 0.0011166 0.0020285 0.00323 0.0046594 0.0062362 0.0078802 0.0095232 0.0111141 0.0126177 0.0140134 0.0152913 0.0164491 0.0174901 0.0184204 0.0192482 0.0199824 0.0206319 0.0223872
0 0 0 0 0 0 0 0 3e-07 4e-06 2.82e-05 0.0001178 0.0003447 0.0007818 0.0014715 0.0024129 0.0035671 0.0048734 0.0062661 0.0076852 0.0090826 0.0104233 0.0116841 0.0128518 0.0139208 0.0148906 0.0157644 0.0165474 0.0172463 0.0178681 0.0195697
0 0 0 0 0 0 0 0 1e-07 2.2e-06 1.64e-05 7.35e-05 0.0002273 0.0005387 0.0010512 0.0017759 0.0026916 0.003755 0.0049141 0.0061182 0.0073239 0.0084976 0.0096158 0.0106632 0.0116316 0.0125179 0.0133227 0.0140489 0.014701 0.0152844 0.0168997
0 0 0 0 0 0 0 0 1e-07 1.1e-06 9.4e-06 4.51e-05 0.0001474 0.0003653 0.0007395 0.0012878 0.0020017 0.0028526 0.0038009 0.0048049 0.0058272 0.006837 0.0078112 0.0087339 0.0095955 0.0103908 0.0111185 0.0117795 0.0123766 0.0129135 0.0144175
0 0 0 0 0 0 0 0 0 6e-07 5.3e-06 2.72e-05 9.4e-05 0.0002438 0.0005123 0.00092 0.0014673 0.0021367 0.0028994 0.0037226 0.0045748 0.0054288 0.0062631 0.0070621 0.0078153 0.0085166 0.009163 0.009754 0.010291 0.0107763 0.012151
0 0 0 0 0 0 0 0 0 3e-07 2.9e-06 1.61e-05 5.9e-05 0.0001601 0.0003494 0.0006475 0.0010601 0.001578 0.0021813 0.0028452 0.0035438 0.0042541 0.0049568 0.0056371 0.0062846 0.0068925 0.007457 0.0079765 0.0084512 0.0088823 0.0101169
0 0 0 0 0 0 0 0 0 1e-07 1.6e-06 9.4e-06 3.64e-05 0.0001035 0.0002347 0.000449 0.0007549 0.001149 0.0016185 0.0021452 0.0027087 0.0032899 0.0038721 0.004442 0.0049896 0.005508 0.0059928 0.0064419 0.0068545 0.0072312 0.0083215
0 0 0 0 0 0 0 0 0 1e-07 8e-07 5.4e-06 2.21e-05 6.59e-05 0.0001553 0.0003068 0.0005298 0.0008249 0.0011844 0.0015956 0.0020429 0.0025109 0.0029857 0.0034554 0.0039111 0.0043461 0.0047559 0.0051379 0.0054909 0.0058146 0.006762
0 0 0 0 0 0 0 0 0 0 4e-07 3e-06 1.32e-05 4.12e-05 0.0001012 0.0002065 0.0003665 0.0005839 0.0008548 0.0011707 0.0015202 0.0018913 0.0022723 0.0026535 0.0030269 0.0033862 0.0037271 0.004047 0.0043442 0.0046181 0.0054283
0 0 0 0 0 0 0 0 0 0 2e-07 1.7e-06 7.7e-06 2.54e-05 6.49e-05 0.0001369 0.0002499 0.0004075 0.0006085 0.0008474 0.0011163 0.0014059 0.001707 0.0020116 0.0023128 0.002605 0.0028844 0.0031481 0.0033945 0.0036227 0.0043049
0 0 0 0 0 0 0 0 0 0 1e-07 9e-07 4.5e-06 1.54e-05 4.1e-05 8.95e-05 0.0001679 0.0002804 0.0004272 0.0006051 0.0008088 0.0010313 0.0012658 0.0015055 0.0017447 0.0019789 0.0022043 0.0024185 0.0026197 0.0028069 0.0033728
0 0 0 0 0 0 0 0 0 0 1e-07 5e-07 2.5e-06 9.2e-06 2.55e-05 5.76e-05 0.0001112 0.0001902 0.0002958 0.0004263 0.0005782 0.0007467 0.0009264 0.0011123 0.0012995 0.0014843 0.0016635 0.0018349 0.0019967 0.0021481 0.0026105
0 0 0 0 0 0 0 0 0 0 0 3e-07 1.4e-06 5.4e-06 1.56e-05 3.65e-05 7.26e-05 0.0001273 0.000202 0.0002962 0.0004079 0.0005335 0.0006693 0.0008112 0.0009556 0.0010993 0.0012397 0.0013748 0.0015031 0.0016237 0.0019961
0 0 0 0 0 0 0 0 0 0 0 1e-07 8e-07 3.1e-06 9.4e-06 2.28e-05 4.67e-05 8.39e-05 0.000136 0.0002031 0.0002839 0.0003762 0.0004772 0.0005841 0.0006938 0.0008039 0.0009123 0.0010173 0.0011176 0.0012123 0.0015079
0 0 0 0 0 0 0 0 0 0 0 1e-07 4e-07 1.8e-06 5.6e-06 1.41e-05 2.96e-05 5.46e-05 9.03e-05 0.0001373 0.000195 0.0002618 0.0003359 0.0004151 0.0004973 0.0005805 0.000663 0.0007434 0.0008206 0.0008939 0.0011253
0 0 0 0 0 0 0 0 0 0 0 0 2e-07 1e-06 3.3e-06 8.5e-06 1.85e-05 3.5e-05 5.92e-05 9.16e-05 0.0001321 0.0001798 0.0002334 0.0002913 0.000352 0.0004139 0.0004758 0.0005365 0.0005952 0.0006511 0.0008297
0 0 0 0 0 0 0 0 0 0 0 0 1e-07 5e-07 1.9e-06 5.1e-06 1.14e-05 2.21e-05 3.82e-05 6.03e-05 8.83e-05 0.0001219 0.00016 0.0002018 0.0002459 0.0002914 0.0003372 0.0003824 0.0004263 0.0004684 0.0006043
0 0 0 0 0 0 0 0 0 0 0 0 1e-07 3e-07 1.1e-06 3e-06 6.9e-06 1.38e-05 2.44e-05 3.92e-05 5.83e-05 8.15e-05 0.0001083 0.000138 0.0001697 0.0002026 0.000236 0.0002691 0.0003016 0.0003328 0.0004349
0 0 0 0 0 0 0 0 0 0 0 0 0 2e-07 6e-07 1.7e-06 4.1e-06 8.5e-06 1.53e-05 2.51e-05 3.79e-05 5.38e-05 7.24e-05 9.31e-05 0.0001156 0.0001391 0.0001631 0.0001871 0.0002107 0.0002336 0.0003091
0 0 0 0 0 0 0 0 0 0 0 0 0 1e-07 3e-07 1e-06 2.4e-06 5.1e-06 9.5e-06 1.58e-05 2.44e-05 3.51e-05 4.77e-05 6.21e-05 7.77e-05 9.42e-05 0.0001113 0.0001284 0.0001454 0.0001619 0.0002171
0 0 0 0 0 0 0 0 0 0 0 0 0 0 2e-07 6e-07 1.4e-06 3.1e-06 5.8e-06 9.9e-06 1.54e-05 2.25e-05 3.11e-05 4.08e-05 5.16e-05 6.31e-05 7.5e-05 8.71e-05 9.91e-05 0.0001109 0.0001506
0 0 0 0 0 0 0 0 0 0 0 0 0 0 1e-07 3e-07 8e-07 1.8e-06 3.5e-06 6.1e-06 9.7e-06 1.43e-05 2e-05 2.65e-05 3.38e-05 4.17e-05 4.99e-05 5.83e-05 6.67e-05 7.5e-05 0.0001033

# CatchLen 
0 0 0 0 0 0 0 0 0 0 0 0 0 0 0 0 0 0 0 0 0 0 0 0 0 0 0 0 0 0 0 0 0 0 0 0 0 0 0 0 0 0 0 0 0 0.2 0 0 0 0 0.2 0.2 0.6 0.6 0.2 0.6 1.6 1.4 1.2 3 1.2 3.4 5 3.8 5.6 6.2 6.4 8.8 12.2 16 15.2 20.4 25.8 29.4 29.2 41.6 49.6 52.4 71.4 71.8 83.2 83.6 88.2 76.4 80.6 68 53.4 46 37.6 25.8 18 11.8 8.4 5 4.4 2 2.6 2 2.4 0.8 2 0.8 0.4 0.4 0.2 0.4 0 0
0 0 0 0 0 0 0 0 0 0 0 0 0 0 0 0 0 0 0 0 0 0 0 0 0 0 0 0 0 0 0 0 0 0 0 0 0 0 0 0 0 0 0 0 0 0.2 0 0 0 0 0.2 0.2 0.6 0.6 0.2 0.6 1.6 1.4 1.2 3 1.2 3.4 5 3.8 5.6 6.2 6.4 8.8 12.2 16 15.2 20.4 25.8 29.4 29.2 41.6 49.6 52.4 71.4 71.8 83.2 83.6 88.2 76.4 80.6 68 53.4 46 37.6 25.8 18 11.8 8.4 5 4.4 2 2.6 2 2.4 0.8 2 0.8 0.4 0.4 0.2 0.4 0 0
0 0 0 0 0 0 0 0 0 0 0 0 0 0 0 0 0 0 0 0 0 0 0 0 0 0 0 0 0 0 0 0 0 0 0 0 0 0 0 0 0 0 0 0 0 0.2 0 0 0 0 0.2 0.2 0.6 0.6 0.2 0.6 1.6 1.4 1.2 3 1.2 3.4 5 3.8 5.6 6.2 6.4 8.8 12.2 16 15.2 20.4 25.8 29.4 29.2 41.6 49.6 52.4 71.4 71.8 83.2 83.6 88.2 76.4 80.6 68 53.4 46 37.6 25.8 18 11.8 8.4 5 4.4 2 2.6 2 2.4 0.8 2 0.8 0.4 0.4 0.2 0.4 0 0
0 0 0 0 0 0 0 0 0 0 0 0 0 0 0 0 0 0 0 0 0 0 0 0 0 0 0 0 0 0 0 0 0 0 0 0 0 0 0 0 0 0 0 0 0 0.2 0 0 0 0 0.2 0.2 0.6 0.6 0.2 0.6 1.6 1.4 1.2 3 1.2 3.4 5 3.8 5.6 6.2 6.4 8.8 12.2 16 15.2 20.4 25.8 29.4 29.2 41.6 49.6 52.4 71.4 71.8 83.2 83.6 88.2 76.4 80.6 68 53.4 46 37.6 25.8 18 11.8 8.4 5 4.4 2 2.6 2 2.4 0.8 2 0.8 0.4 0.4 0.2 0.4 0 0
0 0 0 0 0 0 0 0 0 0 0 0 0 0 0 0 0 0 0 0 0 0 0 0 0 0 0 0 0 0 0 0 0 0 0 0 0 0 0 0 0 0 0 0 0 0 0 0 0 0 0 0 0 0 0 1 1 2 1 0 0 1 2 0 0 0 2 0 1 2 4 8 9 9 11 26 29 26 40 39 48 58 64 60 59 43 35 33 28 20 15 10 11 1 3 2 0 0 0 0 0 0 0 0 0 0 0 0
0 0 0 0 0 0 0 0 0 0 0 0 0 0 0 0 0 0 0 0 0 0 0 0 0 0 0 0 0 0 0 0 0 0 0 0 0 0 0 0 0 0 0 0 0 0 0 0 0 0 0 0 0 0 0 0 0 0 1 0 0 1 0 2 2 3 1 3 7 12 8 14 13 18 15 23 33 33 41 36 39 42 46 49 33 38 30 21 11 13 9 7 2 1 1 0 1 0 1 0 0 0 0 0 0 0 0 0
0 0 0 0 0 0 0 0 0 0 0 0 0 0 0 0 0 0 0 0 0 0 0 0 0 0 0 0 0 0 0 0 0 0 0 0 0 0 0 0 0 0 0 0 0 1 0 0 0 0 0 0 1 0 0 0 0 0 0 1 0 0 1 3 5 3 5 6 12 17 15 22 29 30 32 53 52 65 76 83 116 116 123 88 97 99 72 66 41 40 28 20 11 10 12 7 8 8 9 4 10 4 2 2 1 2 0 0
0 0 0 0 0 0 0 0 0 0 0 0 0 0 0 0 0 0 0 0 0 0 0 0 0 0 0 0 0 0 0 0 0 0 0 0 0 0 0 0 0 0 0 0 0 0 0 0 0 0 0 0 1 1 0 1 2 3 0 3 2 5 4 5 10 10 9 18 24 21 21 28 49 53 51 59 71 69 110 104 128 115 124 99 120 95 73 59 52 32 18 10 7 6 1 0 2 2 1 0 0 0 0 0 0 0 0 0
0 0 0 0 0 0 0 0 0 0 0 0 0 0 0 0 0 0 0 0 0 0 0 0 0 0 0 0 0 0 0 0 0 0 0 0 0 0 0 0 0 0 0 0 0 0 0 0 0 0 1 1 1 2 1 1 5 2 4 11 4 10 18 9 11 15 15 17 17 28 28 30 29 37 37 47 63 69 90 97 85 87 84 86 94 65 57 51 56 24 20 12 11 7 5 1 2 0 1 0 0 0 0 0 0 0 0 0
0 0 0 0 0 0 0 0 0 0 0 0 0 0 0 0 0 0 0 0 0 0 0 0 0 0 0 0 0 0 0 0 0 0 0 0 0 0 0 0 0 0 0 0 0 0 0 0 0 0 0 0 0 1 0 4 3 8 10 16 14 20 21 35 20 27 34 38 50 45 70 68 73 75 87 94 78 103 80 114 86 95 107 96 94 72 75 61 43 42 27 18 13 3 5 3 2 0 0 0 1 0 0 0 0 0 0 0
0 0 0 0 0 0 0 0 0 0 0 0 0 0 0 0 0 0 0 0 0 0 0 0 0 0 0 0 0 0 0 0 0 0 0 0 0 0 0 0 0 0 0 0 0 0 0 0 0 0 0 0 0 0 0 0 0 0 1 0 1 1 2 2 5 4 6 5 17 17 32 38 29 45 55 61 78 79 97 102 105 105 125 118 119 115 98 80 67 58 39 23 19 6 8 5 1 2 1 0 0 0 0 0 0 0 0 0
0 0 0 0 0 0 0 0 0 0 0 0 0 0 0 0 0 0 0 0 0 0 0 0 0 0 0 0 0 0 0 0 0 0 0 0 0 0 0 0 0 0 0 0 0 0 0 0 0 0 0 0 0 0 0 0 0 0 1 0 2 3 6 6 3 16 14 16 16 33 27 39 46 56 72 51 76 82 80 85 78 79 70 89 82 66 57 48 29 27 24 7 13 3 1 4 2 0 0 1 0 0 0 0 0 0 0 0
0 0 0 0 0 0 0 0 0 0 0 0 0 0 0 0 0 0 0 0 0 0 0 0 0 0 0 0 0 0 0 0 0 0 0 0 0 0 0 0 0 0 0 0 0 0 0 0 0 0 0 0 0 0 0 0 0 0 0 3 2 2 6 4 4 14 23 26 25 50 60 72 68 82 92 107 132 141 120 124 152 125 138 118 116 114 76 71 51 45 30 25 14 4 4 2 3 0 2 0 0 1 0 0 0 0 0 1
0 0 0 0 0 0 0 0 0 0 0 0 0 0 0 0 0 0 0 0 0 0 0 0 0 0 0 0 0 0 0 0 0 0 0 0 0 0 0 0 0 0 0 0 0 0 0 1 5 5 6 6 21 27 19 9 18 15 22 12 4 10 17 6 19 10 17 22 42 48 49 60 85 88 85 86 107 93 76 91 78 87 90 95 73 51 56 54 31 28 15 18 8 6 7 2 2 1 0 0 0 0 0 0 0 0 0 0
0 0 0 0 0 0 0 0 0 0 0 0 0 0 0 0 0 0 0 0 0 0 0 0 0 0 0 0 0 0 0 0 0 0 0 0 0 0 0 0 0 0 0 0 0 0 0 0 0 0 0 0 0 0 0 0 0 1 0 1 3 7 7 10 18 19 27 41 64 80 120 138 164 178 182 189 189 185 211 192 195 171 139 144 115 104 103 76 70 66 41 27 16 10 7 6 1 3 2 0 0 0 0 0 0 0 0 0
0 0 0 0 0 0 0 0 0 0 0 0 0 0 0 0 0 0 0 0 0 0 0 0 0 0 0 0 0 0 0 0 0 0 0 0 0 0 0 0 0 0 0 0 0 0 0 0 0 0 0 0 0 0 0 0 1 0 0 3 4 9 7 13 17 29 45 62 80 88 111 143 150 200 205 188 205 193 196 151 149 128 130 88 91 78 61 38 27 17 13 14 4 4 1 4 0 0 0 0 0 0 0 0 0 0 0 0
0 0 0 0 0 0 0 0 0 0 0 0 0 0 0 0 0 0 0 0 0 0 0 0 0 0 0 0 0 0 0 0 0 0 0 0 0 0 0 0 0 0 0 0 0 0 0 0 0 0 0 0 1 0 0 2 0 1 1 5 5 16 39 38 45 82 74 116 122 141 142 129 133 128 124 152 117 100 116 100 66 77 40 37 32 23 15 12 12 11 9 3 3 2 0 0 1 0 0 0 0 0 0 0 0 0 0 0
0 0 0 0 0 0 0 0 0 0 0 0 0 0 0 0 0 0 0 0 0 0 0 0 0 0 0 0 0 0 0 0 0 0 0 0 0 0 0 0 0 0 0 0 0 0 1 0 0 0 0 0 5 2 8 6 16 14 13 28 30 39 55 52 70 77 93 123 121 137 135 142 150 151 121 141 105 91 92 55 44 43 36 24 22 17 12 6 2 4 2 3 1 1 0 0 1 0 0 0 0 0 0 0 0 0 0 0
0 0 0 0 0 0 0 0 0 0 0 0 0 0 0 0 0 0 0 0 0 0 0 0 0 0 0 0 0 0 0 0 0 0 0 0 0 0 0 0 0 0 0 0 0 1 0 0 0 1 0 3 6 7 21 24 38 47 60 88 81 94 98 108 128 126 111 134 110 135 118 101 110 84 81 56 62 47 36 26 18 16 10 12 3 3 4 1 1 2 0 0 1 0 0 0 0 0 0 0 0 0 0 0 0 0 0 0
0 0 0 0 0 0 0 0 0 0 0 0 0 0 0 0 0 0 0 0 0 0 0 0 0 0 0 0 0 0 0 0 0 0 0 0 0 0 0 0 0 0 0 0 0 0 0 0 0 1 1 0 3 9 13 25 38 51 56 50 64 62 57 55 65 58 48 47 44 36 31 27 23 14 14 21 0 1 0 3 1 1 0 0 0 0 0 0 0 0 0 0 0 0 0 0 0 0 0 0 0 0 0 0 0 0 0 0
0 0 0 0 0 0 0 0 0 0 0 0 0 0 0 0 0 0 0 0 0 0 0 0 0 0 0 0 0 0 0 0 0 0 0 0 0 1 1 3 2 4 5 1 4 5 5 4 8 5 11 11 13 15 21 19 36 38 43 31 35 28 29 31 27 27 38 39 28 24 28 17 20 22 11 17 16 7 8 6 2 2 1 2 0 0 0 0 0 0 0 0 0 0 0 0 0 0 0 0 0 0 0 0 0 0 0 0
0 0 0 0 0 0 0 0 0 0 0 0 0 0 0 0 0 0 0 0 0 0 0 0 0 0 0 0 0 0 0 0 0 0 0 0 0 0 0 0 0 0 0 0 0 1 0 4 0 1 9 6 8 9 9 14 19 29 33 25 24 33 22 21 19 14 15 16 10 11 9 8 8 7 3 0 6 2 6 1 0 2 0 0 0 0 0 0 0 0 0 0 0 0 0 0 0 0 0 0 0 0 0 0 0 0 0 0
0 0 0 0 0 0 0 0 0 0 0 0 0 0 0 0 0 0 0 0 0 0 0 0 0 0 0 0 0 0 0 0 0 0 0 0 0 0 0 0 1 0 1 1 2 2 6 2 11 17 21 23 51 57 76 114 124 150 183 208 262 280 260 287 339 410 384 400 361 355 347 279 243 215 142 134 107 66 52 34 31 13 14 4 5 2 0 1 4 1 0 0 0 0 0 0 0 0 0 0 0 0 0 0 0 0 0 0
0 0 0 0 0 0 0 0 0 0 0 0 0 0 0 0 0 0 0 0 0 0 0 0 0 0 0 0 0 0 0 0 0 0 0 0 0 0 0 0 0 0 0 0 0 0 0 0 0 0 0 1 1 2 3 5 11 16 17 27 27 27 33 36 43 43 49 48 43 38 29 25 34 23 23 13 8 9 7 5 2 1 0 0 0 0 0 0 0 0 0 0 0 0 0 0 0 0 0 0 0 0 0 0 0 0 0 0
0 0 0 0 0 0 0 0 0 0 0 0 0 0 0 0 0 0 0 0 0 0 0 0 0 0 0 0 0 0 0 0 0 0 0 0 0 0 0 0 0 0 0 0 0 0 0 0 1 1 1 5 5 4 5 15 13 19 34 37 38 40 51 75 93 100 127 124 122 180 153 149 162 107 106 82 69 42 41 31 20 10 5 4 2 2 1 1 0 0 0 0 0 0 0 0 0 0 0 0 0 0 0 0 0 0 0 0
0 0 0 0 0 0 0 0 0 0 0 0 0 0 0 0 0 0 0 0 0 0 0 0 0 0 0 0 0 0 0 0 0 0 0 0 0 0 0 0 0 0 0 0 0 1 0 0 1 1 3 12 14 14 18 23 19 17 35 16 34 39 41 62 61 68 72 87 72 88 85 81 77 70 50 39 35 29 16 18 5 4 4 1 0 0 0 0 0 0 0 0 0 0 0 0 0 0 0 0 0 0 0 0 0 0 0 0
0 0 0 0 0 0 0 0 0 0 0 0 0 0 0 0 0 0 0 0 0 0 0 0 0 0 0 0 0 0 0 0 0 0 0 0 0 0 0 0 0 0 0 0 0 0 0 0 0 0 0 0 0 0 0 1 2 1 3 8 15 18 36 44 43 56 72 92 120 91 94 88 85 65 72 73 49 36 35 15 16 9 10 6 3 2 2 0 0 0 1 0 0 0 0 0 0 0 0 0 0 0 0 0 0 0 0 0
0 0 0 0 0 0 0 0 0 0 0 0 0 0 0 0 0 0 0 0 0 0 0 0 0 0 0 0 0 0 0 0 0 0 0 0 1 0 0 0 0 0 1 2 0 0 4 7 2 8 10 17 31 33 54 66 88 91 116 117 127 119 124 125 142 162 169 153 166 155 126 112 125 105 69 72 62 36 31 22 17 8 5 5 5 3 2 1 1 0 0 0 0 0 0 0 0 0 0 0 0 0 0 0 0 0 0 0
0 0 0 0 0 0 0 0 0 0 0 0 0 0 0 0 0 0 0 0 0 0 0 0 0 0 0 0 0 0 0 0 0 0 0 0 0 0 0 0 0 0 0 1 0 2 0 1 4 8 10 16 24 40 40 81 96 127 141 149 210 187 216 238 240 295 292 300 293 311 311 259 230 173 150 127 108 56 34 28 31 13 7 4 2 1 0 1 0 0 0 0 0 0 0 0 0 0 0 0 0 0 0 0 0 0 0 0
0 0 0 0 0 0 0 0 0 0 0 0 0 0 0 0 0 0 0 0 0 0 0 0 0 0 0 0 0 0 0 0 0 0 0 0 0 0 0 0 0 0 0 0 0 1 0 0 1 2 6 7 8 18 32 37 63 89 83 110 103 119 86 127 160 193 206 210 224 221 223 219 165 149 139 112 68 54 43 37 22 25 14 8 1 2 2 1 0 0 1 0 0 0 1 0 0 0 0 0 0 0 0 0 0 0 0 0

# TotFIC1 
 10.9229 7.15856 1.61465 95.59977 13.2835 54.3243 8.16156 39.2076 51.4036 118.501 76.948 57.1703 204.867 66.4744 86.3188 124.853 122.867 28.2013 33.5839 44.2182 59.1919 54.1561 9.94658 4.63741 47.0904 9.43072 1.59783 6.54701 15.413 2.07749 

# TotFIC2 
 59.9561 88.127 1.80784 59.4677 39.3904 54.239 30.065 110.849 79.0446 138.757 50.8533 30.0868 38.2176 9.53328 46.3805 11.725 7.56812 35.3879 2.45076 8.14975 4.66228 10.3962 2.61253 4.99032 31.5245 4.17794 20.3375 52.5006 63.9682 65.8142 

# M1seg 
 0.092 0.092 0.092 0.092 0.092 0.092 0.092 0.092 0.092 0.092 0.092 0.092 0.092 0.092 0.092 0.092 0.092 0.092 0.092 0.092 0.092 0.092 0.092 0.092 0.092 0.092 0.092 0.092 0.092 0.092 0.092 

# SurveyLen_1 
0 0 0 0 0 0 0 0 0.00521 0.00965 0 0 0.01929 0.08778 0.06019 0.0245 0.00444 0.02689 0.04753 0.05846 0.07483 0.07919 0.08191 0.09181 0.12338 0.16364 0.29962 0.3599 0.28533 0.23628 0.26 0.32789 0.22028 0.32797 0.28312 0.28391 0.32691 0.30069 0.21692 0.09816 0.10581 0.10217 0.14613 0.10425 0.0819 0.27784 0.07544 0.09586 0.05431 0.07731 0.12063 0.10081 0.15247 0.08661 0.10897 0.44994 0.14333 0.44423 0.5489 0.37934 0.64976 0.49101 0.32582 0.25139 0.09053 0.09316 0.11713 0.04465 0.02576 0.02615 0.03909 0.02558 0.02767 0.05312 0.02048 0.01051 0.00526 0.08365 0.02625 0.01437 0.03016 0.00332 0.01178 0.01437 0 0 0 0 0 0 0 0 0 0 0 0 0 0 0 0 0 0 0 0 0 0 0 0
0 0 0 0 0 0 0 0 0 0 0 0.00444 0.00763 0.0229 0.03106 0.0458 0.09522 0.10559 0.20345 0.16992 0.16806 0.19572 0.18313 0.21366 0.24054 0.29186 0.2671 0.22727 0.27885 0.21354 0.29325 0.17352 0.14888 0.1686 0.11344 0.12689 0.07 0.12591 0.09537 0.08084 0.13099 0.06789 0.0652 0.09958 0.05882 0.11577 0.12472 0.08146 0.04399 0.07523 0.02693 0.04053 0.0508 0.04066 0.0453 0.04345 0.0773 0.04731 0.0991 0.15893 0.13636 0.16594 0.1335 0.13441 0.08178 0.12447 0.04014 0.01284 0.02597 0.03259 0.03077 0.04453 0.01767 0.01552 0.01684 0.06017 0.05867 0.01843 0.0323 0.04939 0 0.02304 0 0.01706 0.01859 0.00328 0 0 0.00789 0 0 0 0 0 0 0 0 0 0 0 0 0 0 0 0 0 0 0
0 0 0 0 0 0 0 0 0 0 0 0 0 0 0 0 0 0 0 0 0 0 0 0 0 0 0 0 0 0 0 0 0 0 0.01718 0.03435 0.03435 0.12023 0.15458 0.0687 0.1374 0.10305 0.03435 0.10305 0.01718 0.01718 0 0.01718 0 0.01578 0.01718 0 0 0 0 0.03296 0.02235 0.0393 0.0393 0.11078 0.02894 0.09322 0.05127 0.01718 0.03296 0.01578 0.04735 0 0 0 0.01578 0 0 0 0 0.01176 0.03442 0 0 0.01593 0.01578 0 0.01725 0.01176 0.01718 0.01725 0.01718 0.01725 0 0 0 0 0 0 0 0 0 0 0 0 0 0 0 0 0 0 0 0
0 0 0 0 0 0 0 0.37862 0 0.02666 0.05866 0.38928 0.30929 0.4906 0.58126 2.581 3.0876 3.4051 4.94456 7.39641 4.87338 3.85012 3.41845 3.30712 2.59398 2.04133 1.69127 1.38625 0.80874 1.22112 1.19852 0.7861 1.19068 1.12831 0.90823 2.00981 1.646 2.17768 1.52137 1.66474 1.52765 1.58492 1.20759 1.72086 0.94056 1.18458 0.49618 0.80236 0.3533 0.25757 0.26798 0.3055 0.29016 0.20997 0.46625 1.03189 0.85207 1.34927 1.48506 1.57513 1.59881 1.71256 1.85932 1.60178 0.73004 0.86777 0.72614 0.41581 0.30966 0.1247 0.1124 0.19003 0.08606 0.22496 0.18231 0.45242 0.28949 0.30117 0.41112 0.44775 0.44052 0.42913 0.36464 0.17449 0.1067 0.20829 0.04651 0.08316 0.06772 0.01287 0.04028 0 0 0 0 0 0 0 0 0 0 0 0 0 0 0 0 0
0 0 0 0 0 0 0 0.00982 0.01472 0.04976 0.06939 0.11572 0.22712 0.15419 0.10306 0.07852 0.03435 0.09952 0.12406 0.15487 0.19584 0.24321 0.3595 0.24744 0.29118 0.28422 0.27957 0.33441 0.27437 0.49415 0.39292 0.39825 0.64343 0.68265 0.45873 0.61996 0.47144 0.52112 0.40052 0.60263 0.35613 0.3001 0.26835 0.42373 0.16234 0.13123 0.1751 0.0716 0.11992 0.0262 0.04579 0.08006 0.01677 0.02841 0.01728 0.03039 0.03417 0.02972 0.06128 0.09268 0.07251 0.07648 0.08184 0.10966 0.04767 0.10327 0.06128 0.0491 0.05703 0.03607 0 0.00576 0.01728 0.02455 0.01908 0.00576 0.00576 0.05353 0.03758 0.03758 0.05144 0.06636 0.10604 0.09204 0.08628 0.03738 0.02305 0 0.00576 0 0.00576 0.00576 0 0 0 0 0 0 0 0 0 0 0 0 0 0 0 0
0 0 0 0 0 0 0 0.06645 0.3588 0.61751 0.57143 0.82392 1.87375 2.60487 1.53445 2.30262 2.77482 2.99452 4.07801 3.51835 4.55121 2.92373 4.76196 3.45016 2.16546 2.3903 1.26505 1.40415 0.75196 0.68552 0.32526 0.23742 0.11766 0.32185 0.09707 0.09934 0.04975 0.25282 0.16561 0.17142 0.14254 0.1886 0.12349 0.24466 0.12949 0.24822 0.1612 0.05834 0.13303 0.09918 0.10597 0.11636 0.09373 0.09205 0.08622 0.12232 0.09502 0.13026 0.14337 0.12336 0.11679 0.23911 0.23312 0.18646 0.10253 0.05073 0.07282 0.10044 0.00697 0.03636 0 0.00729 0.00729 0.02137 0.00729 0 0.01426 0.01647 0 0.04552 0.01647 0.0092 0 0 0.04624 0.02867 0.00697 0 0.00729 0 0 0 0 0 0 0 0 0 0 0 0 0 0 0 0 0 0 0
0 0 0 0 0 0 0 0 0 0 0 0.02602 0.01394 0.00929 0.02602 0.00929 0 0.03252 0.01086 0.01793 0 0.00621 0.02759 0.02137 0.02571 0.09879 0.03466 0.0907 0.1102 0 0.04896 0.01329 0.0959 0.07034 0.05524 0.03317 0.0531 0.1005 0.15239 0.08586 0.11443 0.11085 0.15833 0.12473 0.14096 0.20893 0.18158 0.15018 0.25127 0.1286 0.13246 0.15056 0.12223 0.14562 0.30947 0.29922 0.31624 0.31359 0.22838 0.38164 0.57615 0.37555 0.48276 0.31561 0.21372 0.24675 0.09221 0.07698 0.00929 0.07443 0.02137 0.02195 0.0512 0 0 0.02195 0.02924 0 0.04275 0.02924 0.04383 0.0512 0.02195 0.02924 0.02195 0.00729 0.02195 0 0.01459 0 0 0 0 0.02195 0.00729 0 0 0 0 0 0 0 0 0 0 0 0 0
0 0 0 0 0 0 0.02796 0.02796 0.05591 0.08387 0.05591 0.33928 0.33547 0.50117 0.48443 0.46724 0.68578 1.41747 2.13894 2.46758 2.35825 1.82736 1.08857 1.36143 1.16036 0.85442 0.848 0.709 0.63445 0.784 0.74394 0.52039 0.60448 0.54415 0.58893 0.64495 0.53381 0.51409 0.54141 0.48447 0.41946 0.42876 0.43811 0.43658 0.26434 0.28562 0.40484 0.39689 0.19903 0.31975 0.33894 0.41309 0.38545 0.52641 0.43508 0.74537 0.60536 0.77355 0.49147 0.63603 0.58737 0.57318 0.5922 0.34263 0.43051 0.23786 0.14611 0.12453 0.13506 0.09576 0.04993 0.02126 0.01426 0.01459 0.04001 0.01465 0.05733 0.01145 0.01792 0.08851 0.01063 0.01063 0.00729 0.01459 0.03987 0.02194 0.01459 0.0457 0.02194 0 0.01465 0 0 0.03112 0 0 0 0 0 0 0 0 0 0 0 0 0 0
0 0 0 0 0 0 0.05316 0.08508 0.18345 0.24471 0.22138 0.45215 1.07037 1.56649 1.08203 0.92958 1.07387 1.45115 1.13054 1.26155 1.44042 1.37552 0.84284 1.1634 0.88805 0.94663 0.92575 0.62829 0.69038 0.82473 0.89024 0.84543 0.88968 0.91018 1.34342 1.4473 1.42434 1.1805 0.85842 0.89608 1.14945 1.00897 1.25298 0.56746 0.78139 0.58176 0.87213 0.16192 0.06268 0.20249 0.05322 0.21953 0.17146 0.60982 0.58224 0.3706 0.64057 0.40733 0.53525 0.93362 0.49441 0.63559 0.31472 0.6497 0.45485 0.17075 0.59939 0.43001 0.12943 0.07007 0.09592 0.39155 0.11265 0.17468 0.22552 0.28839 0.23864 0.18167 0.11567 0.24758 0.25231 0.24938 0.41785 0.29809 0.34393 0.26102 0.28836 0.22106 0.36199 0.09628 0.05729 0.08073 0.07214 0 0 0 0 0 0 0 0 0 0 0 0 0 0 0
0 0 0 0 0 0 0 0.27786 0.17099 0.47023 0.70535 0.70999 1.08664 2.13741 2.14726 4.36496 3.72911 9.91414 8.17009 6.49549 6.57168 1.89606 1.72507 1.15197 2.26479 0.98292 1.00222 1.13854 0.74109 1.59901 1.2274 1.7021 1.64748 1.65362 1.79921 2.45712 3.03618 2.8671 2.08391 2.61315 3.02792 1.65695 1.7073 1.67899 0.96817 1.74911 1.13688 1.29488 0.48435 0.80773 0.67747 0.65179 1.03606 0.63949 0.80892 1.22938 0.94403 1.3428 1.51239 1.21828 2.08018 2.03592 1.68099 0.7999 1.26057 0.55456 0.51314 0.57305 0.10687 0.49063 0.25692 0.20886 0 0.06484 0.05245 0.14072 0.1826 0.21651 0.17536 0.35532 0.27575 0.12405 0.26767 0.08148 0.12664 0.08241 0.06412 0.086 0.34199 0.12824 0 0.01647 0 0 0 0.04376 0 0 0 0 0 0 0 0 0 0 0 0
0 0 0 0 0 0 0 0 0 0.05499 0.09227 0.09682 0.09774 0.13502 0.16004 0.25413 0.32283 0.27095 0.42642 0.40415 0.38367 0.56419 0.69191 0.63164 0.49937 0.51892 0.44365 0.58292 0.39028 0.30936 0.22953 0.6752 1.21456 0.96054 1.07701 1.50764 1.66023 2.39213 1.7443 1.98477 2.80813 2.85666 4.58738 2.52999 3.54347 2.6642 3.43824 3.60354 1.9252 1.04429 0.48051 1.52066 2.24722 1.18822 0.85367 1.42544 1.60046 2.14114 1.31567 2.39973 1.79494 3.30911 1.50121 1.41571 0.99567 0.03057 0.81092 0.81092 0.40953 0.02058 0.07253 0.0311 0.02058 0.19447 0.04116 0.03057 0.02137 0.04196 0.06333 0.02137 0.10529 0.10608 0.02137 0 0.04196 0 0 0.02137 0 0.04196 0.02137 0 0 0 0 0 0 0 0 0 0 0 0 0 0 0 0 0
0 0 0 0 0 0 0 0.23941 0 0.3374 0.12598 0.39629 0.57609 0.93858 0.82127 1.16371 2.5427 2.9081 1.53107 2.08512 0.58014 1.3645 0.97612 0.99084 1.30673 2.53176 2.40189 1.93579 2.33282 2.09598 2.01678 2.1734 2.24174 1.99311 1.97002 3.02376 2.3779 2.05046 1.26666 1.05184 0.8902 0.89811 0.68946 0.64033 0.36235 0.30327 0.34196 0.24398 0.28984 0.16136 0.1621 0.13359 0.05066 0.09616 0.028 0.067 0.08237 0.14331 0.10033 0.04583 0.10033 0.04777 0.09249 0.07566 0.06945 0.02168 0.08633 0.04488 0.01869 0.04777 0.028 0.06177 0.02936 0.04145 0 0.02126 0.014 0.03444 0.04336 0.03558 0.03009 0.03704 0.02305 0.04294 0 0.00768 0.01536 0.02168 0 0 0 0 0 0 0 0 0 0 0 0 0 0 0 0 0 0 0 0
0 0 0 0 0 0 0.0142 0 0 0 0.0142 0 0 0 0 0 0 0.0142 0.04259 0.0142 0.05678 0.03132 0.04552 0.10523 0.05678 0.09937 0.83629 0.2636 0.22575 0.96797 0.3012 0.44679 0.40253 1.82112 0.5612 0.55947 0.49954 1.10468 2.57708 1.08194 2.0034 2.61273 3.12631 1.66722 1.5412 6.5584 4.53322 3.80631 2.9334 6.56135 5.13875 7.31829 8.67443 2.2214 5.12408 13.75603 5.18915 8.79158 9.4407 9.43597 11.52835 10.87481 10.10908 11.52971 3.62725 7.23837 9.42463 3.65683 5.03819 0.79205 2.27867 1.56611 0.7674 0.05388 0.06206 0.131 0.81191 0.10117 1.47138 0.06609 0.08739 0.03025 0.76183 0.05834 0.07278 0.06337 0.03228 0.01712 0.00779 0 0.01516 0 0.00688 0.00737 0 0 0 0 0 0 0 0 0 0 0 0 0 0
0 0 0 0 0 0 0 0 0 0.13325 0.37794 0.02853 0.13998 0.55318 0.39194 0.6299 0.93785 1.4983 1.2738 1.2738 1.77171 2.69557 3.09351 2.52033 2.02295 1.98769 1.84771 1.1927 2.07167 1.92737 2.67358 2.47376 1.67949 0.77497 1.72112 1.74232 0.93971 1.54281 1.11929 1.39957 1.64921 0.89031 0.72568 0.9209 0.55298 0.66244 0.5549 0.49352 0.47247 0.39065 0.32283 0.35969 0.3279 0.63672 0.46247 0.74995 0.55964 0.53547 0.77425 0.89409 0.64089 0.62968 0.79727 0.76417 0.78804 0.90121 0.3828 0.6081 0.46066 0.24566 0.3533 0.29533 0.29471 0.20226 0.11238 0.38843 0.16477 0.09152 0.05545 0.17984 0.1284 0.11853 0.08097 0.07829 0.10673 0.02837 0.06982 0.01689 0.04604 0.04992 0.014 0.00768 0 0 0 0 0 0 0 0 0 0 0 0 0 0 0 0
0 0 0 0 0 0 0 0 0.12862 0 0.18637 0.29727 0.16406 0.48365 0.46133 0.7363 0.27956 1.28228 1.8099 1.37023 1.55201 3.17646 3.51311 3.50063 2.27324 3.24971 3.46233 3.68295 2.83629 2.14526 2.06702 1.58107 1.72676 1.19785 0.73661 1.52365 1.24099 0.26124 0.34289 0.39846 0.23106 0.40179 0.54593 0.53433 0.44052 0.41082 0.34879 0.60055 0.59043 1.18715 0.82181 0.65158 0.62381 1.48275 0.22656 2.03452 1.34329 1.87575 2.92168 2.64028 2.85288 3.2315 1.87959 2.08849 0.72301 1.74221 1.24607 0.40035 0.75807 0.59302 0.40935 0.68302 0.2616 0.49106 0 0.33053 0.05101 0.23419 0.219 0.06396 0.02137 0.01394 0.17719 0.01772 0.00972 0 0.02366 0 0 0 0.01394 0.01394 0 0 0 0.00972 0.17719 0 0 0 0 0 0 0 0 0 0 0
0 0 0 0 0 0 0 0.03544 0.08481 0.14175 0.08859 0.12403 0.07087 0.17719 0.23954 0.12403 0.46069 0.54928 0.53156 0.58472 0.63787 0.47932 0.77962 1.49172 1.34632 1.81543 2.03338 0.8666 3.55348 1.78684 3.57268 5.05832 5.08882 4.73358 3.02751 2.02211 2.44594 0.40591 1.53782 1.10085 0.09956 0.03544 0 0.29924 0.67301 0.35171 1.03343 0.35882 0.7894 1.5031 0.71647 1.38108 4.30914 4.25442 4.87376 6.05899 4.31268 6.75978 5.91592 5.3826 4.27829 5.41357 3.11329 3.69085 0.41765 3.19922 1.67141 0.9131 0.37053 1.18886 0.1581 0.26526 0.42215 0.61713 0.48563 0.36658 0.34135 0.25694 0.11796 0.12769 0.27639 0.2109 0.19318 0.18257 0.04275 0.0311 0.16433 0.04552 0.00972 0.09659 0.0092 0 0.02415 0.02415 0 0 0 0.02137 0 0 0 0 0 0 0 0 0 0
0 0 0 0 0 0 0 0 0.01689 0.50827 0.56813 0.01689 0.2503 0.26718 0.56236 3.67401 3.33033 7.70746 10.7344 9.03181 11.03205 7.23125 6.96768 6.34223 4.88858 2.32466 1.5156 2.08228 2.82027 2.67191 2.59511 3.0212 3.62573 3.41195 3.24561 2.96824 2.51441 2.24124 1.29004 1.34441 0.63102 0.67423 0.32289 0.1588 0.12864 0.10461 0.05285 0.10611 0.28957 0.21904 0.08232 0.21775 0.26774 0.25158 0.28284 0.58483 0.44752 0.57824 0.71161 0.77042 0.70956 0.81172 0.71959 0.59592 0.37683 0.32609 0.32678 0.26377 0.19612 0.10902 0.10396 0.0769 0.07099 0.04104 0.08057 0.08443 0.03315 0.02756 0 0 0.0703 0 0.05744 0.01689 0.04161 0.00768 0 0.01689 0 0 0 0 0.01689 0 0 0 0 0 0 0 0 0 0 0 0 0 0 0
0 0 0 0 0 0 0 0 0 0.03057 0 0 0.03909 0.02137 0 0.04516 0.14998 0.31128 0.29357 0.35405 0.32956 0.50221 0.65493 0.47097 0.60416 0.49965 0.58971 0.66114 0.43483 0.43789 0.47902 0.33676 0.44335 0.40635 0.40078 0.28137 0.36829 0.24464 0.21273 0.11524 0.31037 0.16106 0.18034 0.30012 0.2379 0.29477 0.28011 0.32419 0.6093 0.35753 0.39917 0.67833 0.38483 0.93822 0.74443 0.8509 1.09788 1.16007 1.21746 1.16292 1.28295 0.84261 0.87812 0.56619 0.7917 0.6122 0.42751 0.21212 0.29492 0.06726 0.05036 0.06977 0.07033 0.08233 0.12974 0.04116 0.03707 0.14407 0.06175 0.0468 0.02058 0 0 0.01649 0.03707 0 0 0 0.00972 0 0 0 0 0 0 0 0 0 0 0 0 0 0 0 0 0 0 0
0 0 0 0 0 0 0 0 0 0 0 0 0 0 0.01772 0 0 0.03544 0 0.03909 0.03909 0.0855 0.01772 0.03909 0.12824 0.21374 0.19237 0.25649 0.31973 0.18871 0.28028 0.30603 0.10687 0.41149 0.16368 0.1951 0.29082 0.31657 0.39311 0.37084 0.2461 0.34692 0.30709 0.27954 0.29943 0.34348 0.37429 0.29672 0.38261 0.51136 0.47008 0.65617 0.71265 1.01305 0.82094 2.10065 1.74213 1.79085 1.84319 1.88698 1.7204 2.44123 1.71446 1.49041 1.12997 1.35637 0.59848 0.60215 0.53372 0.2489 0.30226 0.16737 0.11791 0.11906 0.04969 0.06311 0.04307 0 0.02209 0.03129 0 0 0 0 0 0 0 0 0 0 0 0 0 0 0 0 0 0 0 0 0 0 0 0 0 0 0 0
0 0 0 0 0 0 0 0 0 0 0 0 0 0.01772 0 0 0 0 0 0 0.01772 0 0.05316 0.05316 0.05316 0.03544 0.12403 0.05316 0.12495 0.05316 0.01772 0 0.07819 0.05681 0.0815 0.04552 0.05247 0.08586 0.08899 0.21759 0.17186 0.29094 0.36266 0.33098 0.46807 0.3879 0.67659 0.46269 0.97646 0.78 1.02422 1.45229 1.8706 2.58815 2.1882 2.61189 2.80227 2.69868 3.13487 2.96721 2.60447 2.42893 2.34947 1.49335 1.77765 0.99033 0.55659 0.59653 0.61142 0.51883 0.14257 0.1275 0.14598 0.10835 0.06774 0.05648 0.04761 0 0.02366 0 0.01394 0 0 0 0 0 0 0 0 0 0 0 0 0 0 0 0 0 0 0 0 0 0 0 0 0 0 0
0 0 0 0 0 0 0 0 0 0 0.07455 0.01864 0 0 0 0 0 0 0 0 0 0 0 0 0.02137 0.06484 0.02137 0.05996 0.08622 0.02137 0.03786 0.06484 0 0.1373 0.10437 0.11028 0.12299 0.12327 0.12909 0.34059 0.14418 0.27477 0.61109 0.35099 0.3083 0.39586 0.65335 0.59417 0.8263 1.00501 2.0087 1.65401 1.54809 2.26404 3.28294 3.36027 2.8334 4.5021 3.07831 3.6813 4.2396 3.31019 5.1299 2.65519 3.11691 2.15594 1.28733 0.46165 0.19986 0.45831 0.28187 0.34908 0.2121 0.0092 0.07264 0.07244 0.07244 0.07244 0.09659 0 0 0 0.02209 0 0 0 0 0 0 0 0 0 0 0 0 0 0 0 0 0 0 0 0 0 0 0 0 0
0 0 0 0.01772 0 0 0 0 0 0 0.03544 0.01772 0.07087 0.10631 0 0.03544 0.03544 0 0 0 0 0 0 0.01772 0 0 0.03544 0 0 0.04187 0.04187 0.03057 0.04829 0.02415 0.08911 0.12563 0.14106 0.17739 0.06292 0.22659 0.11468 0.32419 0.27099 0.4445 0.10579 0.25365 0.31697 0.49004 1.17195 1.13988 1.31043 1.42262 1.83534 2.95322 2.74668 4.42473 4.42361 3.8993 4.37104 3.08695 3.70741 3.6705 2.6137 2.08477 1.32637 1.19318 0.72661 0.49256 0.88064 0.28749 0.2117 0.14237 0.08038 0.10036 0.05332 0.02415 0.02415 0.02415 0 0 0 0 0 0.02415 0 0 0 0 0 0 0 0 0 0 0 0 0 0 0 0 0 0 0 0 0 0 0 0
0 0 0 0 0 0 0 0 0 0 0 0 0 0 0 0 0 0 0 0 0.00972 0 0 0 0 0.01864 0 0 0 0 0 0.00972 0.02137 0 0.02415 0.04624 0.02137 0.07476 0.07681 0.04624 0.04706 0.06669 0.01839 0 0.05174 0.07165 0.09579 0.09567 0.18861 0.12518 0.22242 0.29912 0.3643 0.25849 0.47503 0.55886 0.53632 0.5394 0.61274 0.59403 0.58101 0.54956 0.6234 0.53312 0.25429 0.42679 0.24762 0.31417 0.13034 0.21157 0.13341 0.07742 0.06427 0.06247 0.05695 0.06916 0.02209 0.0092 0 0 0.0092 0 0 0 0 0 0 0 0 0 0 0 0 0 0 0 0 0 0 0 0 0 0 0 0 0 0 0
0 0 0 0 0 0 0 0 0 0 0 0 0 0 0 0 0 0 0 0 0 0 0 0 0 0 0 0 0 0 0 0 0 0 0 0 0 0 0.02209 0 0.01649 0 0 0.02209 0 0 0.04419 0 0.13555 0.06628 0.15234 0.18445 0.3277 0.20707 0.11766 0.45612 0.46197 0.26812 0.30313 0.2341 0.1998 0.27276 0.12131 0.20397 0.18722 0.08275 0.05708 0.15405 0.03784 0.07344 0.07286 0.06721 0.03296 0.02415 0.02209 0 0 0 0.00859 0 0 0 0 0 0 0 0 0 0 0 0 0 0 0 0 0 0 0 0 0 0 0 0 0 0 0 0 0
0 0 0 0 0 0 0 0 0 0 0 0 0 0 0 0 0 0 0 0 0 0 0 0.01772 0 0 0 0 0 0 0 0 0.01772 0 0 0 0.02137 0.01772 0 0 0 0.48309 0.06497 0.1653 0.37945 0.19362 0.55618 0.63397 1.52127 1.1334 2.83207 1.56401 2.45652 2.28777 2.51644 3.72515 4.56929 3.11694 3.4137 2.77492 2.8386 2.32024 1.69277 0.63484 1.06814 0.52338 0.79491 0.33842 1.00369 0.33008 0.24192 0.25184 0.23754 0.03057 0.03334 0.17888 0.06508 0 0 0.04359 0 0 0 0 0 0 0 0 0 0 0 0 0 0 0 0 0 0 0 0 0 0 0 0 0 0 0 0
0 0 0 0 0 0 0.014 0 0.01453 0.00727 0.01453 0.06379 0.08505 0.0639 0.02906 0 0.04306 0.03633 0.04359 0.03633 0.03633 0 0 0 0 0.00727 0 0 0 0 0.014 0 0 0 0 0 0 0 0 0 0 0 0 0.04205 0.04199 0.04157 0.03526 0.1171 0.07507 0.17885 0.22315 0.23005 0.38594 0.47368 0.53974 0.61639 0.93214 0.66195 0.61443 0.59304 0.43121 0.45407 0.41838 0.31904 0.26222 0.27483 0.24468 0.17826 0.11484 0.14843 0.06819 0.02263 0.06293 0.04759 0.05843 0.01357 0 0 0 0 0 0 0 0 0 0 0 0 0 0 0 0 0 0 0 0 0 0 0 0 0 0 0 0 0 0 0 0
0 0 0 0 0 0 0 0 0 0 0 0 0 0 0 0 0 0 0 0 0 0 0 0 0 0 0 0 0 0 0 0 0 0 0 0.0092 0 0 0 0 0 0 0 0.00972 0.00972 0 0.01772 0 0 0 0.00972 0.02917 0.01945 0.03889 0.05597 0.07779 0.06807 0.10611 0.06807 0.11443 0.13581 0.11861 0.07779 0.08751 0.11197 0.07417 0 0.08442 0.07243 0.03889 0.05332 0.05055 0.01945 0 0.00972 0.01945 0.00972 0 0 0 0 0 0 0 0 0 0 0 0 0 0 0 0 0 0 0 0 0 0 0 0 0 0 0 0 0 0 0
0 0 0 0 0 0 0 0 0.01772 0.03636 0 0.07179 0 0.11182 0 0 0 0 0.01864 0.01864 0 0.01864 0 0 0 0 0 0 0 0 0 0 0 0 0 0 0 0 0 0 0 0 0 0.00972 0 0.00972 0.01892 0.03837 0.00972 0.06774 0 0.00972 0.05279 0.1245 0.21897 0.26607 0.33705 0.37389 0.42476 0.40894 0.42815 0.62445 0.32621 0.28665 0.39679 0.34916 0.28983 0.35704 0.21514 0.21064 0.19119 0.0993 0.01839 0.01839 0.01839 0.03387 0 0 0 0.0092 0.00972 0 0 0 0 0 0 0 0 0 0 0 0 0 0 0 0 0 0 0 0 0 0 0 0 0 0 0
0 0 0 0 0 0 0.01864 0 0 0 0.01864 0.03727 0.09319 0.05591 0.03727 0 0.05591 0.01864 0.03727 0.1491 0.17746 0.20501 0.13046 0.07455 0.13046 0.1491 0.18637 0.27956 0.52184 0.42865 0.3541 0.20501 0.20501 0.13046 0.03727 0 0.05591 0.03727 0 0 0 0 0 0 0 0 0 0 0.01394 0 0.00697 0.07119 0.05579 0.34859 0.23496 0.64152 0.42377 0.71343 0.69851 0.75929 1.04602 0.96076 0.61677 0.34153 0.94449 0.38364 0.81002 0.51914 0.40298 0.42781 0.33242 0.10725 0.30759 0.12365 0.0558 0.05283 0.09448 0.07358 0 0 0.01394 0 0 0 0 0 0 0 0 0 0 0 0 0 0 0 0 0 0 0 0 0 0 0 0 0 0 0
0 0 0 0 0 0 0 0 0 0 0 0 0.01864 0.01864 0 0 0 0 0 0 0 0 0 0 0 0 0 0 0 0 0 0 0 0 0 0 0 0 0 0 0 0 0 0 0 0 0 0 0 0 0.01892 0.01892 0 0.0092 0.03731 0.07591 0.0754 0.06456 0.06292 0.16855 0.1573 0.14107 0.09608 0.1553 0.10019 0.1164 0.11583 0.14121 0.10773 0.10731 0.04757 0.05676 0.03889 0.04799 0.00972 0 0 0 0.02917 0.01864 0 0 0 0.02137 0 0 0 0 0 0 0 0 0 0 0 0 0 0 0 0 0 0 0 0 0 0 0 0

# SurveyLen_2 
0 0 0 0 0 0 0 0 0 0.02533 0 0.02533 0.02533 0.03377 0.0591 0.36304 0.59099 1.49864 1.13483 1.10028 0.92837 0.82564 1.06925 1.05816 1.44198 1.89476 1.62581 2.19102 2.23846 2.2832 2.73012 2.55831 1.78666 1.8734 1.64876 1.377 1.46052 1.22081 1.34898 1.15079 1.04925 1.8239 1.2853 1.17865 0.9062 1.06816 0.76702 0.92955 0.42951 0.46112 0.44103 0.38643 0.17747 0.21243 0.22007 0.48802 0.24535 0.57129 0.58113 0.37125 0.42184 0.67164 0.58167 0.33945 0.47497 0.34092 0.11312 0.20802 0.22939 0.25836 0.32322 0.27933 0.22863 0.39006 0.28846 0.21154 0.45256 0.37484 0.3669 0.39027 0.26897 0.28225 0.48362 0.29011 0.13352 0.12008 0.10544 0.07935 0.03682 0.02233 0 0.00898 0 0 0.01774 0 0 0 0 0 0 0 0 0 0 0 0 0
0 0 0 0 0 0 0 0 0 0.00651 0 0.12664 0.23845 0.00844 0.27017 1.20093 1.34651 3.21214 3.85475 2.75396 4.22903 3.67605 2.93633 2.61821 2.19586 3.10842 1.56567 2.5655 3.58099 3.68121 2.77811 2.4863 3.34943 2.34419 1.78511 1.37444 0.62708 1.21573 0.2968 0.48851 0.24041 0.59251 0.42657 0.42645 0.41212 0.5646 0.45883 1.02735 1.25436 1.13284 1.29491 1.04317 0.95327 0.8435 0.56607 1.18979 0.77463 0.9884 1.54954 1.92662 1.38597 1.56731 2.05581 1.06902 1.08876 0.66177 0.50702 0.27968 0.18145 0.08827 0.09264 0.06263 0.06561 0.13279 0.08203 0.19648 0.18549 0.15812 0.12552 0.04832 0.12375 0.07629 0.03852 0.07074 0.04563 0.03812 0.03836 0.03513 0.03184 0 0.00651 0 0 0 0 0 0 0 0 0 0 0 0 0 0 0 0 0
0 0 0 0 0 0 0 0 0 0 0 0.02528 0.0084 0.04571 0.05057 0.10201 0.18521 0.30297 0.23434 0.21667 0.10971 0.07949 0.05906 0.04104 0.03377 0.06269 0 0 0 0.03377 0.02642 0.00363 0 0.00363 0 0.01689 0 0 0.00954 0 0.00363 0.00388 0.00363 0.02054 0.00363 0 0.00363 0 0 0 0.00954 0 0 0.00388 0.00388 0.00775 0 0.00388 0 0.02078 0 0.00388 0 0.00388 0 0.02466 0 0 0 0 0 0 0 0 0 0 0 0 0 0.00388 0 0.01301 0.00954 0 0.00954 0 0 0 0 0 0 0 0 0 0 0 0 0 0 0 0 0 0 0 0 0 0 0
0 0 0 0 0 0 0 0 0 0 0 0 0 0 0 0.021 0.04427 0.02738 0.04524 0.06542 0.11156 0.02422 0.19886 0.17493 0.19409 0.16377 0.24366 0.3247 0.26796 0.43317 0.40006 0.93367 1.07751 1.07812 1.06079 1.0028 1.94863 1.39557 1.46524 2.4488 2.26206 2.55979 2.34644 2.02071 1.72672 2.31018 2.32853 2.84345 2.70567 1.63435 2.35333 2.49646 1.62221 1.00193 0.72682 1.49915 1.04557 1.61455 1.02209 1.5585 1.23661 0.84057 0.98488 1.04627 0.73482 0.36034 0.26459 0.21138 0.08352 0.23408 0 0.14967 0 0 0.06837 0 0.02494 0.01908 0.01908 0 0 0.04342 0.01626 0.13784 0.01908 0.03815 0.01737 0.05211 0.01908 0 0.01626 0 0 0 0 0 0 0 0 0 0 0 0 0 0 0 0 0
0 0 0 0 0 0 0 0 0 0 0 0.12023 0 0.21641 1.03407 0.81766 0.83528 2.63789 2.37319 2.11772 3.59345 3.15139 2.24688 2.29349 1.3557 2.50673 1.15471 1.10236 1.0094 1.62167 1.24562 1.29957 0.7497 0.53533 0.3635 0.39071 0.18931 0.32972 0.19058 0.10811 0.29701 0.20893 0.20898 0.1338 0.17597 0.22354 0.19237 0.13187 0.23271 0.15219 0.2564 0.0916 0.19912 0.05864 0.18983 0.14241 0.04942 0.09101 0.05862 0.0916 0.04942 0.08372 0.06721 0.03298 0.07511 0.09135 0.0494 0.01647 0.01649 0 0 0 0.01647 0 0.01647 0.03298 0 0.01649 0 0.01649 0 0.01647 0 0 0.01649 0 0 0 0 0 0 0 0 0 0 0 0 0 0 0 0 0 0 0 0 0 0 0
0 0 0 0 0 0 0 0 0 0 0 0 0 0.02137 0.02137 0.02137 0.0482 0.1819 0.1175 0.29924 0.36954 0.43455 0.43839 0.66593 0.41543 0.57755 0.43368 0.48546 0.66407 0.77238 0.94918 0.84426 1.10684 2.12821 2.67398 2.68633 2.7849 2.24759 2.08175 2.32708 2.38992 1.87717 2.04926 2.13926 2.00329 2.03627 2.20514 1.68722 1.96313 1.91075 1.31232 1.55324 0.97649 0.88338 0.69891 0.52124 0.45166 0.27808 0.11007 0.16907 0.19848 0.15987 0.16515 0.0543 0.01647 0.09217 0.12406 0.02137 0.0543 0.03786 0 0 0.02137 0.02137 0.02137 0 0.01649 0.02137 0 0.03786 0.10199 0.02137 0 0 0.01649 0 0.02137 0 0 0 0 0 0 0 0 0 0 0 0 0 0 0 0 0 0 0 0 0
0 0 0 0 0 0 0 0 0.01329 0.01329 0 0.28977 0.26528 0.86795 0.50417 1.35618 1.70067 1.25245 1.03752 0.9643 1.00471 0.76324 1.30247 1.42297 0.84434 1.27541 1.67797 1.41887 1.23705 1.33054 1.12417 1.01452 1.22612 1.09211 1.12359 1.01033 0.58092 0.4841 0.01649 0.32616 0.15589 0.0855 0.0855 0.04473 0 0.05435 0.02058 0.03786 0.02209 0.02058 0.05507 0.15742 0.05507 0.01649 0.08733 0.03298 0 0.01649 0.0092 0.03707 0 0.02569 0 0.02569 0.01649 0.01649 0 0 0.01649 0 0.01649 0 0 0.03298 0 0.06596 0.00859 0.01649 0.04947 0 0.03298 0.02058 0.03298 0.06596 0 0.06596 0 0 0.02058 0 0 0 0 0 0 0 0 0 0 0 0 0 0 0 0 0 0 0
0 0 0 0 0 0 0 0 0 0 0 0.24868 0.4248 0.47284 1.0323 2.12215 2.83814 3.03849 2.27686 2.51006 2.61846 2.14335 2.21102 1.97381 1.17393 1.67253 1.16736 1.30407 1.36779 1.08093 1.55431 2.42004 2.93822 3.06455 4.07058 5.14745 6.08921 8.82984 7.88918 7.08322 6.2651 3.62358 2.81589 3.36094 2.61648 2.79114 0.87156 2.0069 1.26055 0.81688 0.82989 0.45923 0.63693 0.23586 0.01301 0.22924 0.25601 0.25788 0.26639 0.05466 0.21623 0.03902 0.01301 0.06766 0.01301 0 0 0.03902 0 0 0 0 0 0 0.01301 0 0 0.01563 0 0 0 0 0 0 0 0 0 0 0 0 0 0 0 0 0 0 0 0 0 0 0 0 0 0 0 0 0 0
0 0 0 0 0 0 0 0 0 0 0.05681 0.01772 0.09868 0.11748 0.2802 1.3298 1.38418 1.67706 1.52682 1.61573 1.77861 0.91365 0.90297 1.98903 1.43386 2.3151 2.42105 3.19459 1.95334 3.13689 1.74777 2.63181 2.06759 3.75681 2.67964 3.35174 0.98056 1.95818 1.75364 0.78014 1.62116 0.5625 1.33443 0.55365 0.38019 1.03439 0.58403 0.86771 0.18889 0.3474 0.89427 0.35799 0.41837 0.27427 0.8783 1.13574 0.82653 0.53608 0.29563 1.65363 0.6656 0.05936 0.76856 0.45693 0.37778 0.44634 1.29565 0.55988 0.6764 0 0.89808 0.74877 0.18889 0.1691 1.0474 0.45245 0.95067 0.59268 0.23766 0.94389 0.18889 0.07915 0.52709 0.55988 0.39756 0.39756 0.35121 0.20868 0.18889 0 0 0 0 0.01301 0 0 0 0 0 0 0 0 0 0 0 0 0 0
0 0 0 0 0 0 0 0 0 0.03544 0 0.05958 0.27738 0.23829 0.40089 1.08879 1.73492 1.70798 1.6492 1.6955 1.60067 2.48567 1.8826 1.76749 1.51544 3.20982 2.44454 3.12272 3.78788 6.50975 3.35541 5.00443 5.26674 11.03375 10.33346 6.606 4.40237 10.43384 9.25743 8.10538 3.63423 3.42369 4.09243 2.11363 1.69295 2.2452 2.9401 1.33854 0.20644 0.27789 0.3188 0.20644 0.57445 0.11289 0.06057 0.73385 0.0964 1.1211 0.12378 0.10993 0.154 0.11001 0.03298 0.10169 0.06871 0.07706 0.04944 0.03858 0.08245 0.04947 0.12103 0.03298 0.09894 0.08245 0.04944 0.18139 0.08245 0.08245 0.03298 0.06596 0.06596 0.08245 0.14841 0.13192 0.06596 0.04947 0.04947 0.06596 0 0.03298 0 0 0.01649 0 0 0 0 0 0.01649 0 0 0 0 0 0 0 0 0
0 0 0 0 0 0 0 0 0 0.02137 0.01647 0.06412 0.0855 0.36505 0.58082 0.96911 1.40647 1.96358 1.9858 1.72721 2.21549 2.75011 2.87307 2.85423 3.52516 3.43361 2.98739 2.70862 2.30909 1.83408 1.11268 1.35391 1.31395 1.57088 1.29017 1.19886 0.78601 0.84787 0.84587 0.54268 0.49556 0.41721 0.24045 0.20094 0.36572 0.38093 0.17842 0.14446 0.06118 0.09562 0.10422 0.08723 0.07863 0.02605 0.04815 0.02605 0.07024 0.01647 0.04254 0.03392 0.03048 0.04351 0.01303 0 0.01745 0 0.01303 0 0 0 0.01303 0 0 0 0 0 0 0.03048 0 0 0 0 0 0.02605 0 0.01303 0 0 0 0 0 0 0 0 0 0 0 0 0 0 0 0 0 0 0 0 0 0
0 0 0 0 0 0 0 0 0 0.05599 0.09798 0.19641 0.21863 0.30744 0.22196 0.27506 0.37682 0.14908 0.32232 0.81101 0.60718 1.03221 1.33834 1.74648 1.614 1.41026 1.75016 1.73023 1.36687 1.60022 1.37386 1.3098 1.5553 1.26048 1.61858 1.25674 0.78988 0.7708 0.84075 0.48375 0.54691 0.37367 0.17105 0.06754 0.1035 0.08443 0.08443 0 0.05285 0.03377 0.01908 0 0 0 0 0 0.01301 0 0 0 0 0 0 0 0 0 0 0 0 0 0.03491 0 0 0 0 0.01303 0 0 0 0 0 0 0 0 0 0 0 0 0 0 0 0 0 0 0 0 0 0 0 0 0 0 0 0 0 0 0 0
0 0 0 0 0 0 0 0 0 0.03577 0.02493 0 0.0869 0.23813 0.55977 0.85592 1.33272 1.624 1.79278 1.64625 1.74529 1.41055 1.55295 1.90004 1.91494 1.55301 1.83149 1.76758 1.92367 1.87116 1.59458 1.40786 1.42077 1.21305 1.11305 0.68445 0.45387 0.44959 0.21084 0.22663 0.18222 0.20121 0.0442 0.09189 0.11486 0.04637 0.02385 0.07861 0.06504 0.06504 0 0 0.13008 0.13008 0.10406 0.23414 0.40324 0 0 0.20812 0.13008 0.06504 0.23414 0.01303 0.07807 0.09105 0 0.06504 0.13008 0 0 0 0 0.06504 0.06504 0.11707 0.18211 0.06504 0 0.01301 0.02602 0.06504 0 0.09105 0 0.01301 0.01303 0.06504 0.01301 0 0.02602 0 0 0 0.02602 0 0 0 0 0 0 0 0 0 0 0 0 0
0 0 0 0 0 0 0 0 0 0 0 0.01689 0.03377 0.08956 0.1182 0.24452 0.25254 0.13733 0.3165 0.31945 0.18392 0.12993 0.17628 0.12131 0.12747 0.06914 0.02305 0.0498 0.07916 0.014 0 0.01301 0.01495 0 0.01301 0 0 0 0 0 0.00679 0 0 0 0 0.01908 0 0 0 0 0 0.05066 0 0 0.21951 0.21951 0.10131 0.05066 0.05066 0.05066 0.27017 0.21951 0.32083 0 0.10131 0.15876 0.05066 0.43902 0.05066 0.32083 0.38837 0.32083 0.65854 0.48968 0.27017 0.60788 0.16886 0.21951 0.32083 0.32083 0.21951 0.05066 0.05066 0 0 0.05066 0 0.10131 0 0.05066 0 0 0 0 0 0 0 0 0 0 0 0 0 0 0 0 0 0
0 0 0 0 0 0 0 0 0 0 0.08859 0.14175 0.31894 0.54928 0.54928 1.22625 1.11993 1.63655 1.86047 2.32846 1.9319 1.57387 1.69115 0.87974 0.60299 1.11597 0.7162 1.09973 1.72966 2.01017 1.72866 2.36305 2.81665 3.67028 3.60062 2.83115 2.20084 1.12873 1.27494 0.60125 0.47023 0.1881 0.1398 0 0.11843 0 0.01647 0 0.02415 0 0 0.01647 0 0 0 0 0 0 0 0 0 0 0 0 0 0 0 0 0 0 0 0 0 0 0 0 0 0 0 0.01979 0 0 0 0 0 0 0 0 0 0 0 0 0 0 0 0 0 0 0 0 0 0 0 0 0 0 0 0
0 0 0 0 0 0 0 0 0 0 0 0 0 0 0 0.10131 0 0.1035 0 0.01908 0.08443 0 0.32083 0.37148 0.4728 0.64165 1.23264 1.36773 1.14822 1.06379 0.67542 0.55722 0.97767 0.67542 0.64165 0.3676 0.17105 0.39056 0.17543 0.07192 0.02989 0.01689 0 0 0.01689 0 0 0 0 0 0 0.01689 0 0 0 0 0 0 0 0 0 0 0 0 0 0 0 0 0 0 0 0 0 0 0 0 0 0 0 0 0 0.01303 0 0 0 0 0 0 0 0 0 0 0 0 0 0 0 0 0 0 0 0 0 0 0 0 0 0
0 0 0 0 0 0 0 0 0 0 0 0 0 0.01857 0 0.01857 0.01857 0.01857 0.01857 0.01857 0.01857 0.0743 0.0743 0.01857 0.13282 0.30279 0.21552 0.59643 0.58804 0.75343 0.55191 0.76005 0.58168 0.47761 0.47481 0.46641 0.3081 0.27684 0.11705 0.09567 0.20712 0.05572 0.02137 0.06412 0 0.02137 0 0 0 0 0 0 0 0 0 0.01647 0 0 0 0 0 0.03129 0 0 0 0 0 0 0 0 0 0.03296 0.02209 0.02209 0.02209 0 0.03856 0 0.01649 0 0 0 0 0 0 0 0 0 0 0 0 0 0 0 0 0 0 0 0 0 0 0 0 0 0 0 0 0
0 0 0 0 0 0 0 0 0 0 0 0 0 0 0 0.00972 0.03544 0.05661 0.0311 0.30309 0.12325 0.26218 0.21529 0.67935 1.39737 1.65887 2.11148 1.39726 2.01013 2.0766 3.24697 2.21612 2.83129 3.01745 2.34426 2.69535 1.71792 1.70257 0.89874 0.70566 0.61203 0.36712 0.305 0.18332 0.04419 0.07717 0 0 0 0 0 0 0 0 0 0 0 0 0 0 0.01647 0.01647 0 0 0 0 0 0 0 0 0 0 0 0 0 0 0 0 0 0.02209 0 0 0 0 0 0 0 0 0 0 0 0 0 0 0 0 0 0 0 0 0 0 0 0 0 0 0 0
0 0 0 0 0 0 0 0 0 0 0 0 0 0 0 0 0 0.02137 0 0 0 0 0 0 0 0 0.02137 0.02137 0.06628 0.03293 0.0764 0.08838 0.11047 0.19322 0.21665 0.3573 0.25806 0.17603 0.24232 0.21531 0.07717 0.06068 0.08203 0 0.02209 0.01649 0 0 0.02209 0 0 0 0 0.02137 0 0 0 0 0 0.01647 0 0 0 0.01649 0 0 0 0 0.0092 0 0.0092 0 0 0 0 0 0 0 0 0 0 0 0 0 0 0 0 0 0 0 0 0 0 0 0 0 0 0 0 0 0 0 0 0 0 0 0 0
0 0 0 0 0 0 0 0 0 0 0 0 0 0 0 0 0 0 0 0 0 0 0.02137 0 0 0 0.02137 0.02415 0.04347 0 0 0.04624 0.08899 0.04552 0.20752 0.50712 0.37882 0.51916 0.51382 0.52913 0.62989 0.41843 0.16806 0.24049 0.13785 0.17894 0.13752 0.12664 0.03298 0.05507 0.06596 0.11826 0.09894 0.14841 0.14841 0.13192 0.19511 0.27756 0.22809 0.14841 0.1705 0.13192 0.18699 0.19543 0.21674 0.11543 0.03298 0.07156 0.18699 0.06596 0.00972 0 0.03298 0.03298 0 0.01649 0.01649 0 0.01649 0 0 0.01649 0 0 0 0 0 0 0 0 0 0 0 0 0 0 0 0 0 0 0 0 0 0 0 0 0 0
0 0 0 0 0 0 0 0 0 0 0 0 0 0.02137 0.03909 0 0.06412 0.02137 0 0.00972 0 0 0.02137 0.04082 0.01945 0.08164 0.05834 0.12246 0.06807 0.10889 0.09522 0.08164 0.01945 0.0311 0.14057 0.12839 0.26609 0.15362 0.21035 0.23604 0.35735 0.36863 0.15401 0.20237 0.23356 0.33178 0.11575 0.14313 0.03298 0.07362 0.11543 0.03298 0.06596 0.06596 0.01649 0.02209 0.01649 0.01649 0.01649 0.02137 0.03298 0.01649 0 0.03786 0 0.02137 0.03296 0.03786 0 0.02415 0.01649 0 0 0 0 0 0 0 0 0 0 0 0 0 0 0 0 0 0 0 0 0 0 0 0 0 0 0 0 0 0 0 0 0 0 0 0 0
0 0 0 0 0 0 0 0 0 0 0 0 0 0 0 0 0 0 0 0 0 0 0 0.00859 0 0.04275 0.06412 0.02137 0.06412 0.08622 0.0855 0.07271 0.17099 0.25528 0.23584 0.23584 0.32133 0.29577 0.19381 0.42892 0.32421 0.5074 0.38416 0.31372 0.16755 0.08971 0.08766 0.10903 0.13735 0.0764 0.3241 0.27398 0.14819 0.19443 0.25263 0.28033 0.19759 0.60401 0.40285 0.51606 0.37913 0.55982 0.18112 0.4502 0.3241 0.3185 0.12089 0.06586 0 0.02209 0 0 0 0 0 0 0 0 0 0 0 0 0 0 0 0 0 0 0 0 0 0 0 0 0 0 0 0 0 0 0 0 0 0 0 0 0 0
0 0 0 0 0 0 0 0 0 0 0 0 0 0 0 0 0 0 0 0 0 0 0 0 0 0 0 0 0 0 0 0 0.02209 0 0.04624 0.08483 0.10692 0.03858 0.03786 0.06273 0.09366 0.03298 0.04947 0.09894 0.09894 0.12101 0.12103 0.15329 0.11543 0.13189 0.10454 0.11538 0.03293 0.06591 0.09884 0.08235 0 0.11526 0.0543 0.0494 0.11528 0.03293 0.06589 0.03293 0.03293 0.01649 0.04942 0.0494 0.01649 0.03298 0.01649 0 0.01649 0 0 0 0 0 0 0 0 0 0 0 0 0 0 0 0 0 0 0 0 0 0 0 0 0 0 0 0 0 0 0 0 0 0 0
0 0 0 0 0 0 0 0 0 0 0 0 0 0 0 0 0 0.02137 0 0 0.06412 0.04275 0 0.04275 0.04275 0.06412 0.02137 0.0855 0.0855 0.04275 0.15034 0.04275 0.10759 0.10687 0.02137 0.08899 0.0855 0.15034 0.12478 0.13782 0.12659 0.10412 0.09363 0.07712 0.17566 0.20929 0.09924 0.12582 0.11301 0.30101 0.23589 0.19171 0.1924 0.18608 0.0494 0.2418 0.07077 0.20321 0.08796 0.07152 0.03784 0.03298 0.05503 0.02209 0.06589 0.06065 0.02137 0.01649 0.05505 0.03293 0.03858 0.0494 0.01647 0 0 0 0 0 0 0 0 0 0 0 0 0 0 0 0 0 0 0 0 0 0 0 0 0 0 0 0 0 0 0 0 0 0 0
0 0 0 0 0 0 0 0 0 0 0 0 0 0 0 0.02137 0.02137 0 0 0.02137 0.02137 0.02137 0 0 0 0 0 0.02137 0 0.02137 0 0 0 0 0 0 0 0.04419 0.07156 0.15922 0.10442 0.12089 0.14301 0.06065 0.21948 0.30764 0.49105 0.647 1.32025 1.04239 1.78391 1.74152 2.12675 2.05484 1.61372 2.32581 1.94136 1.41202 2.23336 1.30765 1.67998 0.96565 1.29713 1.10897 0.67991 0.34347 0.684 0.32979 0.34935 0.21985 0.20586 0.07645 0.04947 0.02996 0.08233 0 0 0 0 0 0 0 0 0 0 0 0 0 0 0 0 0 0 0 0 0 0 0 0 0 0 0 0 0 0 0 0 0
0 0 0 0 0 0 0 0 0 0 0 0 0 0 0 0 0 0.04333 0 0.02137 0 0 0.04333 0 0 0 0 0 0.02137 0.02137 0.02137 0.02195 0.06556 0.02137 0 0.02137 0.02137 0.02137 0.03596 0.04347 0.02137 0.02137 0.06556 0.10903 0.02137 0.12061 0.2532 0.09852 0.12136 0.13257 0.12682 0.20783 0.09852 0.28688 0.3146 0.26969 0.13224 0.11047 0.2816 0.26478 0.08824 0.12694 0.08838 0.05505 0 0.09363 0.10487 0 0.06068 0.03298 0 0.04419 0 0 0 0 0 0 0 0 0 0 0 0 0 0 0 0 0 0 0 0 0 0 0 0 0 0 0 0 0 0 0 0 0 0 0 0
0 0 0 0 0 0 0 0 0 0 0 0 0 0 0 0.04275 0.0855 0.10687 0.23512 0.44886 0.38473 0.42474 0.04275 0.06412 0 0 0 0.14962 0.0855 0.0855 0.0855 0.04275 0.02137 0.04275 0 0 0.02137 0.02137 0 0 0.02137 0.02137 0 0.08133 0.12133 0.08838 0.13185 0.11047 0.32998 0.24232 0.41203 0.51196 0.52322 0.72349 0.69016 1.24068 1.11532 1.17542 1.4001 1.48168 1.34643 1.17325 1.10172 1.0032 0.4194 0.56277 0.54113 0.29806 0.38209 0.19885 0.12694 0.11047 0.13257 0.06628 0 0.04419 0 0 0 0.01649 0 0 0 0 0 0 0 0 0 0 0 0 0 0 0 0 0 0 0 0 0 0 0 0 0 0 0 0
0 0 0 0 0 0 0 0 0.01647 0 0 0 0 0 0 0 0.01772 0.03909 0 0 0 0 0 0.03909 0.03909 0.12459 0.06412 0.18871 0.0855 0.10687 0.10687 0.04275 0.04275 0.10687 0.06412 0.12896 0.13683 0.12824 0.04275 0 0.03784 0.03784 0.04942 0.05505 0.04944 0.03858 0.07848 0.09849 0.19343 0.1616 0.16485 0.64167 1.05111 0.98749 1.6442 3.14111 3.3579 5.1552 5.53347 4.1772 5.38467 4.15634 4.5451 3.79963 1.93445 2.01906 0.87274 0.52694 0.4029 0.25471 0.1647 0.21412 0.03296 0 0.01649 0 0 0 0 0 0 0 0 0 0 0 0 0 0 0 0 0 0 0 0 0 0 0 0 0 0 0 0 0 0 0 0 0
0 0 0 0 0 0 0 0 0.01649 0 0 0 0 0 0 0 0 0.26578 0.38981 0.63787 0.65559 1.31118 0.54928 1.16944 1.55925 2.7464 2.7464 2.7464 2.87043 3.26024 3.01218 1.8685 1.66318 1.97465 2.21977 2.01739 1.17437 1.05893 0.66681 1.29989 1.00325 0.57227 0.69409 0.6535 0.64766 0.44552 0.41847 0.45785 0.35502 0.5062 0.73637 0.69749 0.95967 0.88741 0.83037 1.28661 1.06053 1.53973 1.20273 1.73913 1.66948 1.01496 1.26352 0.8577 1.1201 0.35846 0.54944 0.56043 0.59871 0.36644 0.49792 0.0969 0.16115 0.10799 0.05435 0 0.03345 0.02137 0.06175 0 0 0 0 0 0 0 0 0 0 0 0 0 0 0 0 0 0 0 0 0 0 0 0 0 0 0 0 0
0 0 0 0 0 0 0 0 0 0.04275 0 0.01647 0.04275 0.06412 0.0855 0.19546 0.64742 0.67976 1.05297 0.94665 0.60888 0.21009 0.11728 0.10997 0.09956 0.06047 0.0855 0.07819 0.34199 0.06412 0.29924 0.51298 0.68397 0.76947 1.02107 0.76458 0.70046 0.46535 0.59359 1.29405 1.4223 1.10168 0.68092 0.58382 0.26809 0.6052 0.31645 0.21374 0.41766 0.46566 0.38896 0.72562 0.76452 0.91669 1.37276 2.11373 1.86575 2.93649 3.04144 3.26127 3.83831 3.42611 3.21188 3.93053 2.44488 1.576 1.94703 2.58107 1.29856 1.36222 1.63488 0.88406 0.48036 0.18257 0.03784 0.18257 0.18112 0 0.18112 0.16608 0 0 0.14962 0 0 0 0 0 0 0 0 0 0 0 0 0 0 0 0 0 0 0 0 0 0 0 0 0

# Eof 
 54321 

