# Number of parameters = 68  Objective function value = 3590.09  Maximum gradient component = 0.000729083
# aAge1:
 3.89153
# aFt:
 -4.11999
# dAge1:
 -3.72658 -3.84474 -3.12579 -3.08351 -1.47758 -0.0354085 0.200118 -0.734558 -0.675687 -0.407383 -0.228607 0.937418 1.53055 0.575143 0.130369 0.778468 2.32373 0.910541 0.875645 0.488815 1.71260 0.484942 0.740471 2.36079 2.32387 0.280323 0.427057 0.139519 0.119470
# dFt:
 -2.43810 -1.66745 1.79073 -0.599433 -4.40312 -3.46096 -2.17964 0.420159 -4.08290 -2.98968 -3.47572 -4.46447 -1.31968 0.371858 -4.08948 -1.82305 -1.20787 1.29951 1.56905 3.12291 1.89487 2.54697 3.86261 3.59445 3.81743 3.57206 3.34038 3.51993 3.47862
# FICsel:
 0.128351
# agesel:
 0.892932
# Yr1:
 2.11079 2.39306 2.01829 0.586212 0.164302 0.164418
