# "Cod.dat" produced by dat_write() from ADMButils; Wed Jan 27 18:50:30 2010
# Adding TotFIC, TotC in thous mt, FIC = both spring and fall surveys 

# Nsp 
 1 

# nFIC 
 2 

# Fyr 
 1978 

# Lyr 
 2007 

# Nage 
 10 

# nMseg 
 1 

# nseg 
 1 

# AgePartRect 
 1 

# AgeFullRect 
 4 

# Survey_AgeFullRect 
 3 

# FICs_lage 
 1 

# M1yr 
 1978 

# TCwt 
 150 

# CPwt 
 50 

# Bwt 
 1e+15 

# Ywt 
 1e-12 

# Rwt 
 0 

# Bthres 
 1e-05 

# Rthres 
 1 

# TSwt 
 0 75 

# SPwt 
 0 50 

# iM2 
 0 0 0 0 0 0 0 0 0 0 

# fic_fage 
 1 1 

# fic_lage 
 10 10 

# FICmonth 
 4 10 

# FICyr 
 0 

# TotCatch 
 35.659 39.161 48.682 47.539 61.09 53.409 39.765 42.298 26.876 32.113 41.977 34.34 44.412 38.809 29.684 24.62 15.755 9.069 9.719 11.785 9.889 10.992 9.772 13.586 11.369 8.901 5.238 4.401 4.611 5.957 

# WtAtAge 
0.579 1.251 2.441 3.407 4.014 5.696 6.645 8.708 9.936 13.887
0.694 1.364 1.892 4.28 4.931 7.176 9.664 10.35 10.438 13.611
0.644 1.413 2.431 3.546 5.583 6.748 8.305 9.926 9.295 14.9
0.587 1.441 2.381 3.529 5.055 7.303 8.78 9.8 14.018 16.799
0.643 1.393 2.54 3.72 5.282 6.576 9.466 9.745 12.972 15.623
0.676 1.436 2.389 3.352 4.784 6.447 8.491 10.667 11.699 16.319
0.54 1.499 2.476 3.668 4.937 6.554 8.738 10.309 11.093 14.643
0.806 1.385 2.075 3.72 4.977 6.439 8.247 10.279 11.765 14.047
0.674 1.357 2.448 3.611 5.494 7.173 8.877 9.944 12.947 14.562
0.582 1.468 2.476 4.171 5.768 7.777 8.908 10.336 12.027 15.642
0.492 1.379 2.373 3.506 5.412 6.781 8.722 10.433 11.535 14.926
0.435 1.436 2.204 3.732 5.181 6.563 7.937 9.976 11.287 14.651
0.531 1.489 2.463 3.573 4.967 6.402 8.404 11.191 12.425 14.512
0.658 1.52 2.499 3.52 4.809 5.825 7.318 9.388 9.615 14.649
0.83 1.435 2.408 3.798 4.52 6.043 7.085 9.472 11.841 18.836
0.284 1.306 2.208 3.227 4.984 5.82 7.378 8.922 11.135 12.228
0.477 1.198 2.153 3.544 4.787 7.074 7.176 9.116 9.003 15.762
0.396 1.347 1.977 3.721 5.249 7.43 9.327 12.197 11.841 19.118
0.487 1.442 2.391 3.218 4.875 6.496 8.101 9.699 10.974 8.621
0.539 1.463 2.328 3.445 4.033 5.734 7.734 8.09 11.42 12.087
0.619 1.432 2.261 3.425 4.571 5.576 7.399 7.753 11.825 12.31
0.534 1.431 2.137 3.355 4.543 5.867 6.641 8.406 9.562 13.201
0.388 1.529 2.386 3.388 4.55 5.472 6.996 8.013 8.049 12.597
0.601 1.365 2.212 2.937 4.101 5.265 5.98 7.681 9.043 9.737
0.49 1.316 2.105 2.957 3.949 5.156 6.475 8 9.248 11.708
0.602 1.458 2.254 2.907 3.866 4.71 5.789 6.918 8.251 10.448
0.332 1.533 2.364 3.08 3.883 4.824 5.651 7.371 8.552 11.1
0.431 1.035 2.102 3.068 4.003 4.925 5.467 7.497 8.786 11.37
0.379 1.079 2.093 3.107 3.679 4.535 6.462 6.394 7.519 9.074
0.423 1.42 1.917 2.899 3.627 4.173 5.932 6.957 6.922 9.07

# Catch 
0.152 0.417 8.109 2.43 0.897 0.178 0.241 0.023 0.042 0.011
0.279 2.243 0.954 4.585 1.207 0.45 0.16 0.304 0.013 0.035
0.34 4.239 5.955 0.545 2.465 0.983 0.418 0.07 0.139 0.014
1.219 3.911 4.738 2.685 0.318 1.406 0.417 0.163 0.156 0.066
0.775 10.457 4.434 2.988 2.04 0.297 0.707 0.199 0.075 0.085
0.626 5.182 8.753 2.68 1.155 0.746 0.095 0.175 0.068 0.113
0.281 1.548 3.486 3.328 0.924 0.56 0.45 0.059 0.167 0.125
0.176 7.444 2.942 1.69 2.098 0.496 0.267 0.197 0.028 0.09
0.768 1.594 4.576 0.86 0.525 0.615 0.086 0.07 0.056 0.028
0.104 7.956 1.515 2.17 0.3 0.25 0.277 0.056 0.036 0.026
0.325 2.352 8.368 1.074 1.576 0.224 0.15 0.218 0.046 0.053
0.891 2.609 3.033 4.254 0.383 0.534 0.081 0.051 0.06 0.021
0.072 5.561 5.373 1.964 2.272 0.231 0.229 0.025 0.023 0.04
0.27 1.938 3.486 3.159 1.442 1.088 0.141 0.09 0.027 0.026
0.138 4.448 2.273 1.066 1.496 0.447 0.355 0.044 0.036 0.01
0.299 1.535 4.429 1.225 0.475 0.536 0.178 0.141 0.043 0.021
0.091 0.605 1.541 1.987 0.426 0.098 0.146 0.051 0.031 0.006
0.032 0.649 1.427 0.67 0.382 0.041 0.021 0.02 0.006 0.001
0.065 0.287 0.987 1.27 0.256 0.184 0.018 0.012 0.011 0
0.126 0.684 0.749 1.021 0.883 0.148 0.094 0.019 0.01 0.004
0.063 0.919 1.31 0.494 0.386 0.285 0.04 0.016 0.006 0.003
0.046 0.354 2.02 0.852 0.287 0.126 0.144 0.022 0.005 0.003
0.113 0.942 0.741 1.156 0.316 0.088 0.046 0.039 0.004 0.001
0.012 0.72 2.667 0.752 0.699 0.18 0.055 0.026 0.015 0.001
0.022 0.083 1.129 1.505 0.363 0.371 0.085 0.019 0.011 0.006
0.017 0.199 0.403 0.8 0.91 0.156 0.142 0.028 0.007 0.003
0.05 0.069 0.434 0.26 0.314 0.253 0.058 0.049 0.012 0.005
0.012 0.355 0.199 0.577 0.144 0.106 0.085 0.018 0.009 0.004
0.031 0.067 0.827 0.207 0.365 0.071 0.031 0.028 0.004 0.003
0.011 0.526 0.395 1.176 0.072 0.129 0.016 0.01 0.009 0.001

# TotFIC1 
 9.001 4.894 7.572 10.138 32.79 7.621 4.078 6.784 4.951 3.236 5.689 4.794 4.747 4.12 2.67 2.286 0.916 2.81 2.699 2.013 4.343 2.081 3.517 1.863 2.065 1.975 5.381 1.9014 3.1588 3.3724 

# TotFIC2 
 8.196 5.835 2.627 8.778 2.976 2.854 4.55 1.305 2.912 2.122 2.52 4.589 4.624 0.917 1.689 1.971 1.751 3.457 1.08 0.86 1.798 0.946 1.29 1.017 4.469 0.921 2.502 0.972 1.341 0.515 

# M1seg 
 0.2 0.2 0.2 0.2 0.2 0.2 0.2 0.2 0.2 0.2 

# SurveyCatch_1 
0.372 0.192 5.531 0.972 0.778 0.142 0.712 0.065 0.141 0.096
0.428 1.298 0.275 1.852 0.547 0.236 0.084 0.139 0.013 0.022
0.031 2.217 2.69 0.212 1.705 0.374 0.186 0.031 0.03 0.096
2.302 1.852 2.811 1.685 0.106 0.879 0.258 0.132 0 0.113
0.508 5.435 9.502 8.324 6.208 0.293 1.866 0.369 0.082 0.203
0.332 1.952 3.017 0.796 0.697 0.443 0.027 0.219 0 0.138
0.402 0.431 0.761 1.238 0.422 0.4 0.209 0 0.215 0
0.111 2.653 0.663 1.11 1.412 0.265 0.192 0.18 0.037 0.161
0.872 0.409 1.844 0.365 0.54 0.618 0.062 0.125 0.101 0.015
0.02 1.613 0.378 0.763 0.062 0.179 0.136 0.033 0.027 0.025
0.72 0.609 3.15 0.409 0.644 0.064 0.037 0.049 0 0.007
0.31 1.41 0.666 1.583 0.235 0.351 0.051 0.04 0.055 0.093
0.173 0.922 1.737 0.674 0.912 0.13 0.143 0.013 0.016 0.027
1.027 0.528 0.689 0.929 0.479 0.328 0.054 0.041 0 0.045
0.123 1.252 0.468 0.168 0.273 0.142 0.159 0.02 0.037 0.028
0.009 0.399 1.306 0.205 0.09 0.138 0.029 0.034 0.021 0.055
0.125 0.272 0.2 0.217 0.033 0.006 0.044 0 0.019 0
0.05 0.382 0.854 0.534 0.599 0.107 0.234 0.028 0.022 0
0.073 0.214 0.736 1.247 0.174 0.209 0.028 0.018 0 0
0.291 0.437 0.17 0.489 0.422 0.05 0.134 0.02 0 0
0.111 0.665 1.298 0.848 0.755 0.533 0.102 0.031 0 0
0.212 0.291 0.609 0.51 0.238 0.119 0.064 0.031 0.007 0
0.221 0.807 0.83 1.141 0.37 0.102 0.026 0.02 0 0
0.061 0.235 0.794 0.16 0.383 0.177 0.023 0.018 0.012 0
0.065 0.093 0.383 0.993 0.239 0.225 0.039 0 0 0.028
0.016 0.213 0.271 0.623 0.696 0.064 0.08 0.012 0 0
0.637 0.058 0.579 1.407 1.354 0.893 0.179 0.261 0.013 0
0.0119 0.4838 0.1378 0.631 0.2744 0.2053 0.1274 0.0298 0 0
0.1786 0.231 1.3059 0.3319 0.7234 0.2128 0.1213 0.0539 0 0
0.125 0.639 0.3756 1.7937 0.1809 0.2092 0.0309 0.0181 0 0

# SurveyCatch_2 
1.845 0.391 4.058 0.964 0.336 0.165 0.343 0.05 0.03 0.014
1.625 1.677 0.162 1.687 0.321 0.184 0.031 0.113 0.01 0.025
0.82 0.564 0.774 0.053 0.265 0.057 0.067 0.027 0 0
3.525 2.25 1.559 0.589 0.054 0.579 0.057 0.064 0.018 0.083
0.577 1.91 0.242 0.068 0.115 0 0.031 0.033 0 0
0.85 1.089 0.74 0.069 0.033 0.004 0.01 0.015 0 0.044
1.909 0.682 0.929 0.825 0.024 0.059 0.039 0 0.039 0.044
0.181 0.843 0.067 0.106 0.077 0.028 0 0 0 0.003
2.279 0.129 0.329 0.008 0.049 0.073 0.016 0 0.007 0.022
0.414 1.353 0.108 0.2 0.028 0.012 0 0 0 0.007
0.875 0.437 0.904 0.06 0.194 0 0.011 0.039 0 0
2.798 1.046 0.161 0.507 0.055 0.015 0.007 0 0 0
0.364 1.624 1.814 0.412 0.286 0.069 0.022 0.011 0 0.022
0.408 0.175 0.274 0.031 0.029 0 0 0 0 0
0.412 0.949 0.174 0.1 0.044 0.01 0 0 0 0
0.97 0.532 0.383 0.017 0.025 0.022 0 0 0.022 0
0.406 0.664 0.433 0.153 0.068 0.021 0 0.006 0 0
0.245 1.811 1.249 0.087 0.054 0.011 0 0 0 0
0.24 0.196 0.414 0.143 0.06 0.027 0 0 0 0
0.236 0.321 0.109 0.129 0.049 0.009 0.007 0 0 0
0.336 1.026 0.352 0.041 0.035 0.004 0 0.004 0 0
0.14 0.154 0.31 0.255 0.087 0 0 0 0 0
0.571 0.538 0.071 0.079 0.031 0 0 0 0 0
0.047 0.381 0.459 0.059 0.055 0.008 0.008 0 0 0
0.478 0.707 1.396 1.627 0.118 0.131 0.012 0 0 0
0.166 0.309 0.201 0.156 0.082 0 0.007 0 0 0
0.745 0.136 0.71 0.252 0.322 0.252 0.065 0.02 0 0
0.055 0.579 0.129 0.176 0.026 0 0.007 0 0 0
0.433 0.162 0.514 0.034 0.125 0.015 0.038 0.01 0.01 0
0.115 0.207 0.05 0.13 0.006 0.007 0 0 0 0

# Eof 
 54321 

