# Number of parameters = 76  Objective function value = 5050.31  Maximum gradient component = 0.000292596
# aAge1:
 2.23321
# aFt:
 -0.511611
# dAge1:
 0.797828 0.623897 1.63584 0.675170 0.150293 1.07063 -0.527360 1.49619 0.374107 1.05648 1.08525 -0.0131483 0.545015 0.117369 0.430272 -0.0315299 -0.830225 -0.443645 -0.0718230 -0.722332 0.156911 0.0469103 -0.953719 -0.194821 -1.65687 -0.128786 -1.95959 -0.797788 -1.93052
# dFt:
 -0.387421 -0.403183 -0.0334041 -0.00950260 0.459877 0.386860 0.243822 0.749722 0.340684 0.336694 0.413175 0.204450 0.446125 0.692422 0.558816 0.685178 0.432929 -0.291188 -0.283519 -0.00296977 -0.220452 -0.0609148 -0.288702 -0.0541146 -0.212777 -0.192501 -0.804386 -0.971697 -1.02856 -0.705458
# FICsel:
 0.520077 0.665644
# agesel:
 0.0257595 0.312396 0.785546
# Yr1:
 3.28087 1.42696 3.38204 2.04008 1.13905 -0.0794866 0.373575 -2.07385 -1.98181 -3.01143
