
between_phases_section, moving to phase: 1


Initial statistics: 2 variables; iteration 0; function evaluation 0
Function value   6.2766633e+03; maximum gradient component mag  -1.1931e+03
Var   Value    Gradient   |Var   Value    Gradient   |Var   Value    Gradient   
  1  2.30297  1.03458e+03 |  2 -0.43964 -1.19312e+03 |

 - final statistics:
2 variables; iteration 6; function evaluation 10
Function value   5.9741e+03; maximum gradient component mag   7.0285e-04
Exit code = 1;  converg criter   1.0000e-03
Var   Value    Gradient   |Var   Value    Gradient   |Var   Value    Gradient   
  1  2.26525  8.73259e-05 |  2  0.01813  7.02849e-04 |

between_phases_section, moving to phase: 2


Initial statistics: 12 variables; iteration 0; function evaluation 0
Function value   5.9740658e+03; maximum gradient component mag   6.1255e+01
Var   Value    Gradient   |Var   Value    Gradient   |Var   Value    Gradient   
  1  2.26525  8.73259e-05 |  2  0.01813  7.02849e-04 |  3  3.35707  6.12550e+01
  4  1.54905  9.81354e+00 |  5  3.23211  4.42244e+01 |  6  2.03601  3.25723e+00
  7  1.08755  8.68586e-01 |  8  0.23428  1.51413e+00 |  9  0.19227 -1.56588e+00
 10 -2.50104 -3.72323e-01 | 11 -1.74870 -2.43442e-01 | 12 -3.12357 -2.27979e-01

Intermediate statistics: 12 variables; iteration 10; function evaluation 13
Function value   5.9616609e+03; maximum gradient component mag   5.4312e+00
Var   Value    Gradient   |Var   Value    Gradient   |Var   Value    Gradient   
  1  2.26208  6.67308e-01 |  2  0.01319 -6.40150e-02 |  3  3.05039  2.10122e+00
  4  1.39851  2.01712e+00 |  5  3.09136  7.65693e-01 |  6  1.98750 -7.66390e-01
  7  1.45238  5.43123e+00 |  8  0.33179  1.63031e+00 |  9  0.42778 -5.10107e-01
 10 -1.81393 -1.88443e-01 | 11 -1.24894  9.37711e-02 | 12 -2.71253 -1.57920e-01
12 variables; iteration 20; function evaluation 24
Function value   5.9601077e+03; maximum gradient component mag  -5.2496e-02
Var   Value    Gradient   |Var   Value    Gradient   |Var   Value    Gradient   
  1  2.26169 -1.50692e-03 |  2  0.01255 -5.24958e-02 |  3  3.04646  4.08537e-03
  4  1.30897 -2.26600e-03 |  5  3.11009 -3.73176e-02 |  6  2.01733 -2.59999e-02
  7  1.12339 -4.23120e-03 |  8  0.01608 -1.03560e-02 |  9  0.51283 -1.09832e-02
 10 -1.41455 -1.06833e-03 | 11 -1.79323  1.08853e-03 | 12 -0.68196 -5.95474e-03

 - final statistics:
12 variables; iteration 25; function evaluation 29
Function value   5.9601e+03; maximum gradient component mag  -3.3088e-05
Exit code = 1;  converg criter   1.0000e-04
Var   Value    Gradient   |Var   Value    Gradient   |Var   Value    Gradient   
  1  2.26169  8.56211e-06 |  2  0.01254 -3.30885e-05 |  3  3.04638 -3.07030e-05
  4  1.30900  1.99727e-06 |  5  3.11013 -2.86740e-05 |  6  2.01749  6.32439e-07
  7  1.12291  2.05091e-05 |  8  0.01740 -1.35459e-05 |  9  0.51312 -2.46455e-06
 10 -1.41577 -1.22740e-05 | 11 -1.80030 -2.87769e-06 | 12 -0.67905 -8.58066e-06

between_phases_section, moving to phase: 3


Initial statistics: 71 variables; iteration 0; function evaluation 0
Function value   5.9601077e+03; maximum gradient component mag   2.0046e+03
Var   Value    Gradient   |Var   Value    Gradient   |Var   Value    Gradient   
  1  2.26169  8.56211e-06 |  2  0.01254 -3.30885e-05 |  3  0.12208 -9.70227e+01
  4  0.10601  3.19468e+02 |  5  0.19709  9.24455e+02 |  6  0.08761  4.08465e+02
  7  0.01557  4.28640e+02 |  8  0.13665  9.35845e+02 |  9 -0.00505  4.86139e+02
 10  0.19299  1.17810e+03 | 11  0.07423  2.84125e+02 | 12  0.11652  3.23350e+02
 13  0.07388  4.58461e+02 | 14  0.00252  3.09899e+02 | 15  0.08717  4.99430e+02
 16 -0.03721 -4.05807e+02 | 17 -0.00170 -9.18429e+02 | 18 -0.05864 -3.87547e+02
 19 -0.11983 -1.70771e+02 | 20 -0.05157 -3.94809e+02 | 21  0.00762  6.43215e+00
 22 -0.09004 -1.56610e+02 | 23  0.02563 -4.42773e+02 | 24 -0.06569 -1.38258e+03
 25 -0.19027 -4.66152e+02 | 26 -0.10987 -1.15807e+03 | 27 -0.25144 -2.66384e+02
 28  0.00977 -6.13269e+02 | 29 -0.17769  9.67574e+01 | 30 -0.05516 -8.50197e+01
 31 -0.04483  2.12619e+02 | 32 -0.10013 -3.99513e+02 | 33 -0.06601  4.79382e+02
 34 -0.03492 -2.37662e+02 | 35 -0.02012  5.61329e+01 | 36  0.00680 -6.60343e+02
 37 -0.03521 -1.38778e+03 | 38  0.00371  6.01820e+01 | 39  0.02653 -7.33840e+02
 40 -0.03937 -7.13141e+02 | 41 -0.04024 -5.00271e+02 | 42  0.02249 -3.86646e+02
 43 -0.01015  3.32644e+02 | 44 -0.01203 -6.66388e+02 | 45  0.03234 -7.72977e+02
 46  0.02762 -4.46407e+02 | 47  0.07837  3.39084e+01 | 48  0.08082  1.21441e+03
 49 -0.02746 -6.61319e+01 | 50 -0.01955  4.63124e+00 | 51  0.05442  5.05580e+02
 52  0.02119 -2.71972e+01 | 53  0.03562  1.03418e+02 | 54 -0.00970  2.78620e+02
 55  0.01660  3.55104e+02 | 56  0.03173  2.00458e+03 | 57  0.03980  8.44525e+02
 58  0.04583  1.01602e+03 | 59  0.01442  2.63693e+02 | 60 -0.02715  7.03412e+01
 61 -0.09663 -6.64323e+02 | 62  3.04638 -3.07030e-05 | 63  1.30900  1.99727e-06
 64  3.11013 -2.86740e-05 | 65  2.01749  6.32439e-07 | 66  1.12291  2.05091e-05
 67  0.01740 -1.35459e-05 | 68  0.51312 -2.46455e-06 | 69 -1.41577 -1.22740e-05
 70 -1.80030 -2.87769e-06 | 71 -0.67905 -8.58066e-06 |

Intermediate statistics: 71 variables; iteration 10; function evaluation 22
Function value   5.3818722e+03; maximum gradient component mag   1.5280e+04
Var   Value    Gradient   |Var   Value    Gradient   |Var   Value    Gradient   
  1  2.24457 -9.35476e+01 |  2  0.08383  3.12895e+01 |  3  0.14513  1.47746e+04
  4  0.08175  1.50643e+04 |  5  0.17081  1.45232e+04 |  6  0.11585  1.51035e+04
  7  0.00171  1.52360e+04 |  8  0.14434  1.48942e+04 |  9 -0.03219  1.52448e+04
 10  0.16719  1.44938e+04 | 11  0.09275  1.50917e+04 | 12  0.13868  1.49012e+04
 13  0.09211  1.51849e+04 | 14  0.02324  1.52799e+04 | 15  0.09250  1.51987e+04
 16 -0.00300  1.50717e+04 | 17  0.03284  1.49055e+04 | 18 -0.05483  1.49728e+04
 19 -0.13307  1.47760e+04 | 20 -0.04051  1.50206e+04 | 21 -0.02004  1.51580e+04
 22 -0.09418  1.49661e+04 | 23  0.01629  1.50422e+04 | 24  0.01033  1.47281e+04
 25 -0.18576  1.43720e+04 | 26 -0.07933  1.45881e+04 | 27 -0.24872  1.39672e+04
 28 -0.05227  1.49647e+04 | 29 -0.23124  1.42471e+04 | 30 -0.04330  1.51269e+04
 31 -0.11384  1.50085e+04 | 32 -0.08932  1.02807e+04 | 33 -0.08038  1.07026e+04
 34 -0.02288  1.04820e+04 | 35 -0.01840  1.06385e+04 | 36  0.03528  1.04234e+04
 37  0.03545  1.00960e+04 | 38  0.02206  1.07216e+04 | 39  0.09106  1.04107e+04
 40  0.04155  1.03911e+04 | 41  0.02100  1.04424e+04 | 42  0.06606  1.04942e+04
 43  0.01352  1.07424e+04 | 44  0.03266  1.03403e+04 | 45  0.08066  1.02994e+04
 46  0.06640  1.04238e+04 | 47  0.09234  1.05214e+04 | 48  0.05704  1.08684e+04
 49 -0.04011  1.05177e+04 | 50 -0.04744  1.05098e+04 | 51  0.00126  1.06406e+04
 52 -0.01729  1.04544e+04 | 53  0.00167  1.04943e+04 | 54 -0.02509  1.06605e+04
 55  0.01036  1.07001e+04 | 56 -0.01192  1.12594e+04 | 57 -0.02251  1.07899e+04
 58 -0.06632  1.06944e+04 | 59 -0.09745  1.02948e+04 | 60 -0.07577  1.04647e+04
 61 -0.05348  1.03960e+04 | 62  3.04337  6.23171e+00 | 63  1.30778  2.65673e+00
 64  3.11013  1.55874e+01 | 65  2.01384  1.04217e+01 | 66  1.12151  4.90866e+00
 67  0.01677  2.22781e+00 | 68  0.51192  4.10382e+00 | 69 -1.41613  9.08476e-01
 70 -1.80052  6.45477e-01 | 71 -0.68024  2.80233e+00 |
71 variables; iteration 20; function evaluation 33
Function value   5.3786694e+03; maximum gradient component mag   1.1669e+04
Var   Value    Gradient   |Var   Value    Gradient   |Var   Value    Gradient   
  1  2.24859 -1.05178e+02 |  2  0.13403  1.12826e+02 |  3  0.15376  7.99613e+03
  4  0.07918  8.12943e+03 |  5  0.17395  7.78257e+03 |  6  0.11443  8.22834e+03
  7  0.00438  8.26739e+03 |  8  0.14225  8.06031e+03 |  9 -0.03188  8.28049e+03
 10  0.16726  7.73662e+03 | 11  0.09227  8.19125e+03 | 12  0.13962  8.09566e+03
 13  0.09237  8.28283e+03 | 14  0.02497  8.31870e+03 | 15  0.09034  8.26344e+03
 16 -0.00713  8.05673e+03 | 17  0.03028  7.89714e+03 | 18 -0.05554  8.01679e+03
 19 -0.13175  7.96525e+03 | 20 -0.03755  8.08432e+03 | 21 -0.02171  8.16918e+03
 22 -0.09232  8.08083e+03 | 23  0.01533  8.08122e+03 | 24  0.01028  7.79173e+03
 25 -0.18531  7.71126e+03 | 26 -0.07752  7.72173e+03 | 27 -0.24834  7.53640e+03
 28 -0.05254  8.05053e+03 | 29 -0.22901  7.75281e+03 | 30 -0.04901  8.16381e+03
 31 -0.11748  8.14116e+03 | 32 -0.09205  1.07022e+04 | 33 -0.07924  1.11561e+04
 34 -0.02012  1.09152e+04 | 35 -0.01464  1.10898e+04 | 36  0.03725  1.08938e+04
 37  0.03477  1.05385e+04 | 38  0.01877  1.11537e+04 | 39  0.09170  1.08798e+04
 40  0.04200  1.08370e+04 | 41  0.02336  1.08975e+04 | 42  0.06601  1.09539e+04
 43  0.01111  1.11598e+04 | 44  0.03092  1.07916e+04 | 45  0.07744  1.07437e+04
 46  0.06206  1.08617e+04 | 47  0.08846  1.10016e+04 | 48  0.05410  1.13299e+04
 49 -0.04156  1.09398e+04 | 50 -0.04691  1.09525e+04 | 51  0.00169  1.10669e+04
 52 -0.01485  1.09234e+04 | 53  0.00214  1.09515e+04 | 54 -0.02615  1.10820e+04
 55  0.00825  1.11299e+04 | 56 -0.01480  1.16693e+04 | 57 -0.02182  1.12336e+04
 58 -0.06571  1.11078e+04 | 59 -0.09376  1.07558e+04 | 60 -0.07056  1.09344e+04
 61 -0.04785  1.08452e+04 | 62  3.00834  1.19828e+00 | 63  1.29262  1.80705e+00
 64  3.06256  4.80745e+00 | 65  1.95933  6.23729e+00 | 66  1.09686  3.50267e+00
 67  0.00541  1.73257e+00 | 68  0.49076  3.13556e+00 | 69 -1.42132  7.49826e-01
 70 -1.80407  5.28232e-01 | 71 -0.69674  2.31752e+00 |
71 variables; iteration 30; function evaluation 46
Function value   5.3760069e+03; maximum gradient component mag   9.4313e+03
Var   Value    Gradient   |Var   Value    Gradient   |Var   Value    Gradient   
  1  2.24995 -9.41200e+01 |  2  0.13102  9.85463e+01 |  3  0.15454  6.99452e+03
  4  0.07370  7.09770e+03 |  5  0.17300  6.78315e+03 |  6  0.11057  7.20278e+03
  7  0.00492  7.25516e+03 |  8  0.14462  7.10106e+03 |  9 -0.02948  7.27547e+03
 10  0.16875  6.76177e+03 | 11  0.09342  7.19324e+03 | 12  0.13623  7.10981e+03
 13  0.09315  7.30317e+03 | 14  0.02704  7.31946e+03 | 15  0.08956  7.25275e+03
 16 -0.00916  7.03994e+03 | 17  0.03101  6.90413e+03 | 18 -0.05386  7.02626e+03
 19 -0.12919  6.98837e+03 | 20 -0.03926  7.06559e+03 | 21 -0.02260  7.15685e+03
 22 -0.09215  7.08365e+03 | 23  0.01776  7.10969e+03 | 24  0.00939  6.79040e+03
 25 -0.18342  6.75181e+03 | 26 -0.08031  6.69483e+03 | 27 -0.24719  6.60358e+03
 28 -0.05375  7.03115e+03 | 29 -0.22936  6.80143e+03 | 30 -0.04563  7.16705e+03
 31 -0.11858  7.13978e+03 | 32 -0.08877  8.49381e+03 | 33 -0.08091  8.92952e+03
 34 -0.02176  8.68274e+03 | 35 -0.01550  8.85541e+03 | 36  0.03556  8.66894e+03
 37  0.03496  8.32216e+03 | 38  0.01906  8.91726e+03 | 39  0.09487  8.66174e+03
 40  0.04571  8.62861e+03 | 41  0.02622  8.69100e+03 | 42  0.06478  8.71904e+03
 43  0.00840  8.90798e+03 | 44  0.02773  8.52168e+03 | 45  0.07852  8.52704e+03
 46  0.06237  8.64729e+03 | 47  0.08830  8.79236e+03 | 48  0.05371  9.08385e+03
 49 -0.04042  8.71860e+03 | 50 -0.04694  8.72228e+03 | 51  0.00137  8.83977e+03
 52 -0.01635  8.67927e+03 | 53  0.00209  8.71444e+03 | 54 -0.02580  8.85087e+03
 55  0.00736  8.87729e+03 | 56 -0.01564  9.43126e+03 | 57 -0.02233  9.00451e+03
 58 -0.06578  8.90216e+03 | 59 -0.09397  8.54115e+03 | 60 -0.07085  8.70360e+03
 61 -0.04594  8.63830e+03 | 62  2.96442 -4.78479e+00 | 63  1.24387  5.30340e-01
 64  3.13221  7.41332e+00 | 65  1.82578 -1.17544e+00 | 66  1.03042  8.63262e-01
 67 -0.02831  7.84396e-01 | 68  0.42848  1.23462e+00 | 69 -1.43961  4.65503e-01
 70 -1.81598  3.07871e-01 | 71 -0.75599  1.42574e+00 |
71 variables; iteration 40; function evaluation 59
Function value   5.3704469e+03; maximum gradient component mag   1.1864e+04
Var   Value    Gradient   |Var   Value    Gradient   |Var   Value    Gradient   
  1  2.25327 -3.46688e+01 |  2  0.13691  8.57697e+01 |  3  0.14955  4.77474e+03
  4  0.07049  4.83324e+03 |  5  0.17365  4.61292e+03 |  6  0.11094  4.94278e+03
  7 -0.00149  4.94678e+03 |  8  0.14512  4.85432e+03 |  9 -0.03260  4.97963e+03
 10  0.16940  4.54981e+03 | 11  0.09527  4.94332e+03 | 12  0.13408  4.86136e+03
 13  0.09128  5.02249e+03 | 14  0.02988  5.02745e+03 | 15  0.08769  4.96927e+03
 16 -0.00883  4.80036e+03 | 17  0.03294  4.70784e+03 | 18 -0.05424  4.78629e+03
 19 -0.12848  4.79251e+03 | 20 -0.03696  4.86108e+03 | 21 -0.01827  4.95359e+03
 22 -0.09248  4.84684e+03 | 23  0.01073  4.80925e+03 | 24  0.01762  4.67279e+03
 25 -0.18317  4.59637e+03 | 26 -0.07647  4.54036e+03 | 27 -0.24910  4.49963e+03
 28 -0.05370  4.78971e+03 | 29 -0.22796  4.67668e+03 | 30 -0.04502  4.89581e+03
 31 -0.11629  4.90629e+03 | 32 -0.07528  1.10876e+04 | 33 -0.07607  1.13868e+04
 34 -0.01305  1.12393e+04 | 35 -0.02084  1.13458e+04 | 36  0.03431  1.12006e+04
 37  0.03430  1.08526e+04 | 38  0.02254  1.15307e+04 | 39  0.09335  1.11599e+04
 40  0.04933  1.12113e+04 | 41  0.02583  1.12125e+04 | 42  0.06415  1.12399e+04
 43  0.00664  1.14374e+04 | 44  0.02759  1.10819e+04 | 45  0.07929  1.10686e+04
 46  0.06508  1.12200e+04 | 47  0.08345  1.12212e+04 | 48  0.05076  1.15412e+04
 49 -0.04059  1.12675e+04 | 50 -0.04904  1.12292e+04 | 51 -0.00338  1.12854e+04
 52 -0.01544  1.12570e+04 | 53 -0.00055  1.12421e+04 | 54 -0.03095  1.13415e+04
 55  0.00737  1.14000e+04 | 56 -0.01699  1.18642e+04 | 57 -0.02193  1.15209e+04
 58 -0.06924  1.13670e+04 | 59 -0.09260  1.11091e+04 | 60 -0.07133  1.12413e+04
 61 -0.04656  1.11793e+04 | 62  3.27158  2.59922e+01 | 63  1.06592 -2.60188e+00
 64  3.14854  8.63957e-01 | 65  1.75583 -5.70083e+00 | 66  0.86180 -2.61093e+00
 67 -0.15946 -4.08318e-01 | 68  0.20623 -1.22017e+00 | 69 -1.53269  2.04411e-01
 70 -1.87356  9.51495e-02 | 71 -1.05705  5.80146e-01 |
71 variables; iteration 50; function evaluation 73
Function value   5.3470143e+03; maximum gradient component mag   9.4415e+03
Var   Value    Gradient   |Var   Value    Gradient   |Var   Value    Gradient   
  1  2.24741 -2.28827e+01 |  2  0.12626  7.32128e+01 |  3  0.15135  6.00563e+03
  4  0.06885  6.06475e+03 |  5  0.18446  5.75406e+03 |  6  0.11336  6.10611e+03
  7 -0.00519  6.15784e+03 |  8  0.14088  5.96948e+03 |  9 -0.04960  6.14144e+03
 10  0.17445  5.68344e+03 | 11  0.09193  6.14236e+03 | 12  0.13608  6.05171e+03
 13  0.08643  6.15519e+03 | 14  0.02421  6.18980e+03 | 15  0.09066  6.15372e+03
 16 -0.00695  6.08990e+03 | 17  0.03520  6.07494e+03 | 18 -0.05419  6.06696e+03
 19 -0.12549  6.04342e+03 | 20 -0.03625  6.11559e+03 | 21 -0.01840  6.18647e+03
 22 -0.08885  6.10125e+03 | 23  0.01670  6.12997e+03 | 24  0.01329  6.02116e+03
 25 -0.17755  5.87286e+03 | 26 -0.07353  5.94320e+03 | 27 -0.24763  5.68472e+03
 28 -0.05315  6.11023e+03 | 29 -0.22662  5.85706e+03 | 30 -0.05015  6.12382e+03
 31 -0.11971  6.11901e+03 | 32 -0.07122  9.12401e+03 | 33 -0.08517  9.21471e+03
 34 -0.01623  9.15019e+03 | 35 -0.01631  9.22213e+03 | 36  0.04519  9.13937e+03
 37  0.05270  8.99802e+03 | 38  0.01772  9.33390e+03 | 39  0.09222  9.10489e+03
 40  0.05231  9.13445e+03 | 41  0.03421  9.16909e+03 | 42  0.06615  9.14304e+03
 43  0.00191  9.24876e+03 | 44  0.03389  9.09491e+03 | 45  0.08259  9.06641e+03
 46  0.06962  9.14902e+03 | 47  0.08571  9.11549e+03 | 48  0.04309  9.25831e+03
 49 -0.04193  9.15515e+03 | 50 -0.04702  9.16229e+03 | 51 -0.00363  9.16501e+03
 52 -0.01413  9.17872e+03 | 53 -0.00039  9.14007e+03 | 54 -0.03470  9.17695e+03
 55  0.00471  9.25583e+03 | 56 -0.03129  9.44149e+03 | 57 -0.02692  9.28013e+03
 58 -0.07676  9.18884e+03 | 59 -0.09350  9.08382e+03 | 60 -0.07780  9.10579e+03
 61 -0.04491  9.13690e+03 | 62  3.06604  5.43052e+00 | 63  0.75913 -5.67532e+00
 64  3.20288  1.71294e+01 | 65  2.29837  2.28515e+01 | 66  0.70595 -1.88152e+00
 67 -0.44847 -3.09542e-01 | 68 -0.23108 -1.52824e+00 | 69 -1.79767  4.35959e-01
 70 -2.03161  3.18920e-01 | 71 -1.91023  7.11233e-01 |
71 variables; iteration 60; function evaluation 89
Function value   5.3373074e+03; maximum gradient component mag   7.8023e+03
Var   Value    Gradient   |Var   Value    Gradient   |Var   Value    Gradient   
  1  2.24339 -1.20998e+01 |  2  0.11709  4.73954e+01 |  3  0.15223  3.33867e+03
  4  0.06898  3.32565e+03 |  5  0.19072  3.09475e+03 |  6  0.11239  3.35067e+03
  7 -0.01112  3.37390e+03 |  8  0.13825  3.23331e+03 |  9 -0.04033  3.41289e+03
 10  0.17779  3.01934e+03 | 11  0.09509  3.42389e+03 | 12  0.12939  3.30447e+03
 13  0.08299  3.37685e+03 | 14  0.02061  3.40061e+03 | 15  0.09058  3.39461e+03
 16 -0.00370  3.36360e+03 | 17  0.04371  3.43989e+03 | 18 -0.05233  3.34818e+03
 19 -0.12399  3.35733e+03 | 20 -0.03852  3.34708e+03 | 21 -0.02045  3.41169e+03
 22 -0.09182  3.35665e+03 | 23  0.01984  3.41260e+03 | 24  0.01235  3.32265e+03
 25 -0.18095  3.23291e+03 | 26 -0.06870  3.30789e+03 | 27 -0.24156  3.17390e+03
 28 -0.05101  3.41850e+03 | 29 -0.22432  3.28623e+03 | 30 -0.07025  3.30901e+03
 31 -0.12067  3.40803e+03 | 32 -0.06893  7.63399e+03 | 33 -0.08693  7.65755e+03
 34 -0.01272  7.67493e+03 | 35 -0.01363  7.71386e+03 | 36  0.05044  7.66213e+03
 37  0.06073  7.63104e+03 | 38  0.01380  7.77190e+03 | 39  0.09294  7.63569e+03
 40  0.05696  7.66300e+03 | 41  0.03827  7.68043e+03 | 42  0.06478  7.65050e+03
 43 -0.00525  7.68129e+03 | 44  0.03223  7.63030e+03 | 45  0.08366  7.61825e+03
 46  0.07139  7.65116e+03 | 47  0.09174  7.65861e+03 | 48  0.04593  7.69881e+03
 49 -0.03756  7.68824e+03 | 50 -0.04884  7.65135e+03 | 51 -0.00753  7.63673e+03
 52 -0.01620  7.69628e+03 | 53 -0.00341  7.61190e+03 | 54 -0.03492  7.67981e+03
 55  0.00342  7.72082e+03 | 56 -0.03738  7.80226e+03 | 57 -0.02842  7.72363e+03
 58 -0.07908  7.67126e+03 | 59 -0.09667  7.59272e+03 | 60 -0.08246  7.60974e+03
 61 -0.04622  7.65922e+03 | 62  3.04635  3.21798e+00 | 63  1.13896 -9.75299e-01
 64  3.18573  7.97442e+00 | 65  2.08835  9.45503e+00 | 66  0.95115  8.77903e-02
 67 -0.32681 -2.81078e-01 | 68  0.09833 -5.24094e-01 | 69 -1.88270  2.37096e-01
 70 -2.07177  1.41409e-01 | 71 -2.13348  3.62934e-01 |
71 variables; iteration 70; function evaluation 108
Function value   5.3310981e+03; maximum gradient component mag  -1.9861e+03
Var   Value    Gradient   |Var   Value    Gradient   |Var   Value    Gradient   
  1  2.23649 -2.46712e+00 |  2  0.10149  8.05688e+00 |  3  0.15144 -1.81567e+03
  4  0.06506 -1.96855e+03 |  5  0.19612 -1.94894e+03 |  6  0.11336 -1.86502e+03
  7 -0.01237 -1.93329e+03 |  8  0.13997 -1.92102e+03 |  9 -0.05360 -1.91240e+03
 10  0.18538 -1.98609e+03 | 11  0.08222 -1.88916e+03 | 12  0.13431 -1.86726e+03
 13  0.08503 -1.89526e+03 | 14  0.02344 -1.91229e+03 | 15  0.08934 -1.89610e+03
 16 -0.00335 -1.93251e+03 | 17  0.03822 -1.89528e+03 | 18 -0.04991 -1.91811e+03
 19 -0.13012 -1.87186e+03 | 20 -0.03594 -1.93968e+03 | 21 -0.01985 -1.91474e+03
 22 -0.08698 -1.89433e+03 | 23  0.02057 -1.91005e+03 | 24  0.01231 -1.94765e+03
 25 -0.17852 -1.84096e+03 | 26 -0.06872 -1.92392e+03 | 27 -0.24303 -1.74995e+03
 28 -0.05166 -1.86605e+03 | 29 -0.22297 -1.69444e+03 | 30 -0.06042 -1.94534e+03
 31 -0.12369 -1.80777e+03 | 32 -0.07062  9.93588e+02 | 33 -0.09062  1.00001e+03
 34 -0.01302  9.92258e+02 | 35 -0.01396  1.00598e+03 | 36  0.05492  1.02318e+03
 37  0.06521  1.01442e+03 | 38  0.01076  1.01484e+03 | 39  0.09340  1.01971e+03
 40  0.05751  9.95159e+02 | 41  0.03851  9.94088e+02 | 42  0.06599  1.00277e+03
 43 -0.00605  9.85912e+02 | 44  0.03787  9.94002e+02 | 45  0.08595  1.01137e+03
 46  0.07138  1.01284e+03 | 47  0.08753  9.87027e+02 | 48  0.04019  9.69980e+02
 49 -0.04137  9.91097e+02 | 50 -0.04758  9.91075e+02 | 51 -0.00444  9.84087e+02
 52 -0.01425  9.97158e+02 | 53  0.00166  9.82252e+02 | 54 -0.03356  9.99695e+02
 55  0.00201  9.94477e+02 | 56 -0.04252  1.00292e+03 | 57 -0.03020  9.92418e+02
 58 -0.08190  1.00689e+03 | 59 -0.09620  1.00240e+03 | 60 -0.08098  1.00298e+03
 61 -0.04557  1.00048e+03 | 62  3.02189  1.10267e+00 | 63  1.06243 -2.01765e+00
 64  3.17380  4.60300e+00 | 65  1.96719  4.47235e+00 | 66  1.01762  8.42588e-01
 67 -0.22232  5.99943e-02 | 68  0.55319  2.61232e+00 | 69 -1.95781  1.78533e-01
 70 -2.05822  1.29463e-01 | 71 -2.22223  3.01022e-01 |
71 variables; iteration 80; function evaluation 118
Function value   5.3256903e+03; maximum gradient component mag   7.3627e+03
Var   Value    Gradient   |Var   Value    Gradient   |Var   Value    Gradient   
  1  2.22118  3.46686e+00 |  2  0.10183 -1.41681e+00 |  3  0.14423  7.17627e+03
  4  0.07423  7.29664e+03 |  5  0.21229  7.00578e+03 |  6  0.10458  7.25213e+03
  7 -0.01327  7.35506e+03 |  8  0.14098  7.17471e+03 |  9 -0.05644  7.33989e+03
 10  0.19884  7.04990e+03 | 11  0.07133  7.29159e+03 | 12  0.13650  7.20455e+03
 13  0.08589  7.29637e+03 | 14  0.01974  7.35264e+03 | 15  0.08927  7.28718e+03
 16  0.00006  7.36273e+03 | 17  0.03916  7.35288e+03 | 18 -0.04769  7.34026e+03
 19 -0.13013  7.21345e+03 | 20 -0.03104  7.35040e+03 | 21 -0.01762  7.36042e+03
 22 -0.08868  7.28547e+03 | 23  0.02261  7.36204e+03 | 24  0.01668  7.36069e+03
 25 -0.17945  7.07313e+03 | 26 -0.06547  7.31891e+03 | 27 -0.25028  6.81810e+03
 28 -0.05335  7.35647e+03 | 29 -0.23936  6.92588e+03 | 30 -0.05066  7.33383e+03
 31 -0.13797  7.25396e+03 | 32 -0.06728 -8.93808e+02 | 33 -0.08942 -8.84587e+02
 34 -0.01110 -8.88339e+02 | 35 -0.01049 -8.92664e+02 | 36  0.06113 -8.85637e+02
 37  0.06596 -8.79566e+02 | 38  0.00558 -8.95236e+02 | 39  0.09291 -8.75329e+02
 40  0.06121 -8.87738e+02 | 41  0.04298 -8.90617e+02 | 42  0.06570 -8.81267e+02
 43 -0.00999 -8.94078e+02 | 44  0.03702 -8.90824e+02 | 45  0.08205 -8.85753e+02
 46  0.06802 -8.91048e+02 | 47  0.08737 -8.89480e+02 | 48  0.04168 -9.00982e+02
 49 -0.04032 -8.88332e+02 | 50 -0.04590 -8.88117e+02 | 51 -0.00222 -8.94453e+02
 52 -0.01272 -8.94114e+02 | 53  0.00287 -8.91051e+02 | 54 -0.03308 -8.91693e+02
 55  0.00246 -8.98699e+02 | 56 -0.04391 -9.07706e+02 | 57 -0.03256 -8.98827e+02
 58 -0.08635 -8.90701e+02 | 59 -0.10121 -8.82684e+02 | 60 -0.08388 -8.81145e+02
 61 -0.04656 -8.90316e+02 | 62  3.02479 -2.60653e-01 | 63  1.23399  1.22755e-01
 64  3.18606  4.97489e-02 | 65  1.90737 -1.04700e-01 | 66  1.04527 -4.21961e-02
 67 -0.13822 -1.04014e-01 | 68  0.34319 -8.20544e-02 | 69 -2.01606  1.54359e-02
 70 -1.88040  1.16328e-02 | 71 -3.16246 -3.08935e-02 |
71 variables; iteration 90; function evaluation 129
Function value   5.3221819e+03; maximum gradient component mag   9.2363e+02
Var   Value    Gradient   |Var   Value    Gradient   |Var   Value    Gradient   
  1  2.20760 -8.89170e-01 |  2  0.10327 -5.97004e-01 |  3  0.14706  8.94740e+02
  4  0.08115  9.11197e+02 |  5  0.20883  8.57980e+02 |  6  0.10858  8.99452e+02
  7 -0.00756  9.18259e+02 |  8  0.14339  8.84071e+02 |  9 -0.05387  9.15499e+02
 10  0.19676  8.54054e+02 | 11  0.07932  9.03880e+02 | 12  0.13704  8.93737e+02
 13  0.08743  9.05801e+02 | 14  0.02456  9.18739e+02 | 15  0.09133  9.09023e+02
 16  0.00303  9.23023e+02 | 17  0.04112  9.23629e+02 | 18 -0.04534  9.17345e+02
 19 -0.12882  8.98368e+02 | 20 -0.02847  9.20174e+02 | 21 -0.01572  9.21053e+02
 22 -0.08512  9.09029e+02 | 23  0.02414  9.20238e+02 | 24  0.01879  9.17008e+02
 25 -0.17845  8.73154e+02 | 26 -0.06195  9.08018e+02 | 27 -0.25417  8.42182e+02
 28 -0.05151  9.21505e+02 | 29 -0.26921  8.54003e+02 | 30 -0.04309  9.18390e+02
 31 -0.17795  8.98084e+02 | 32 -0.06759 -7.05412e+02 | 33 -0.08951 -7.01718e+02
 34 -0.01132 -7.06767e+02 | 35 -0.01107 -7.08689e+02 | 36  0.05935 -7.01802e+02
 37  0.06474 -6.99525e+02 | 38  0.00703 -7.09462e+02 | 39  0.09322 -6.94956e+02
 40  0.05988 -7.03925e+02 | 41  0.04170 -7.05206e+02 | 42  0.06582 -6.98534e+02
 43 -0.00858 -7.10057e+02 | 44  0.03699 -7.06618e+02 | 45  0.08332 -7.00233e+02
 46  0.06936 -7.04861e+02 | 47  0.08802 -7.03652e+02 | 48  0.04238 -7.16880e+02
 49 -0.04010 -7.06128e+02 | 50 -0.04558 -7.05560e+02 | 51 -0.00167 -7.09974e+02
 52 -0.01208 -7.08950e+02 | 53  0.00312 -7.09117e+02 | 54 -0.03293 -7.07243e+02
 55  0.00266 -7.09287e+02 | 56 -0.04359 -7.16128e+02 | 57 -0.03261 -7.08109e+02
 58 -0.08684 -7.04718e+02 | 59 -0.10257 -6.98793e+02 | 60 -0.08479 -7.00686e+02
 61 -0.04686 -7.05921e+02 | 62  3.02397 -1.24262e-01 | 63  1.22208 -3.67137e-02
 64  3.18281 -4.65693e-02 | 65  1.90814  1.22672e-01 | 66  1.03980 -2.62138e-02
 67 -0.14138 -8.10959e-02 | 68  0.33505 -5.63511e-02 | 69 -2.00893  2.92400e-02
 70 -2.03602  8.49653e-04 | 71 -2.39743  1.13937e-01 |
71 variables; iteration 100; function evaluation 139
Function value   5.3218433e+03; maximum gradient component mag   2.1777e+01
Var   Value    Gradient   |Var   Value    Gradient   |Var   Value    Gradient   
  1  2.20090  1.26755e-01 |  2  0.10411 -2.34489e-01 |  3  0.14770  2.07087e+01
  4  0.08159  2.08529e+01 |  5  0.21019  1.95964e+01 |  6  0.10972  2.10533e+01
  7 -0.00754  2.10132e+01 |  8  0.14458  2.08371e+01 |  9 -0.05406  2.14760e+01
 10  0.19825  1.97223e+01 | 11  0.08069  2.12366e+01 | 12  0.13773  2.08886e+01
 13  0.08850  2.13113e+01 | 14  0.02475  2.08857e+01 | 15  0.09220  2.08864e+01
 16  0.00367  2.09785e+01 | 17  0.04182  2.09222e+01 | 18 -0.04440  2.11842e+01
 19 -0.12748  2.04785e+01 | 20 -0.02786  2.07693e+01 | 21 -0.01510  2.09712e+01
 22 -0.08399  2.07953e+01 | 23  0.02462  2.09803e+01 | 24  0.01972  2.06977e+01
 25 -0.17483  2.00227e+01 | 26 -0.06033  2.06889e+01 | 27 -0.25034  2.14245e+01
 28 -0.05107  2.06868e+01 | 29 -0.27966  2.02623e+01 | 30 -0.04267  2.05508e+01
 31 -0.19610  2.17771e+01 | 32 -0.06704 -6.25671e+00 | 33 -0.08948 -6.60256e+00
 34 -0.01141 -6.77742e+00 | 35 -0.01106 -6.43818e+00 | 36  0.05932 -6.68781e+00
 37  0.06466 -6.88657e+00 | 38  0.00701 -6.11312e+00 | 39  0.09290 -6.08626e+00
 40  0.05989 -6.64525e+00 | 41  0.04172 -6.49166e+00 | 42  0.06568 -6.31526e+00
 43 -0.00871 -6.25378e+00 | 44  0.03675 -6.22178e+00 | 45  0.08305 -6.03478e+00
 46  0.06918 -6.04756e+00 | 47  0.08805 -5.73812e+00 | 48  0.04283 -5.77695e+00
 49 -0.04000 -6.21529e+00 | 50 -0.04553 -6.18263e+00 | 51 -0.00156 -6.30469e+00
 52 -0.01202 -6.13911e+00 | 53  0.00325 -6.28669e+00 | 54 -0.03274 -6.23461e+00
 55  0.00296 -6.03159e+00 | 56 -0.04274 -6.22440e+00 | 57 -0.03216 -6.20614e+00
 58 -0.08676 -6.57049e+00 | 59 -0.10314 -5.58461e+00 | 60 -0.08572 -6.41074e+00
 61 -0.04727 -6.55603e+00 | 62  3.02525 -2.84166e-02 | 63  1.22585 -5.35706e-03
 64  3.18469 -2.29623e-01 | 65  1.90268 -2.19828e-01 | 66  1.04490 -4.53379e-02
 67 -0.11763 -1.77691e-02 | 68  0.34996 -3.18693e-02 | 69 -2.07604 -1.73121e-02
 70 -1.91446 -1.22224e-02 | 71 -3.22277 -3.89654e-02 |
71 variables; iteration 110; function evaluation 149
Function value   5.3218337e+03; maximum gradient component mag   2.0649e+00
Var   Value    Gradient   |Var   Value    Gradient   |Var   Value    Gradient   
  1  2.19999 -2.11248e-03 |  2  0.10416  4.90471e-03 |  3  0.14774 -1.64414e-01
  4  0.08174 -1.43729e-01 |  5  0.21039 -1.50991e-01 |  6  0.10983 -1.57991e-01
  7 -0.00737 -1.56738e-01 |  8  0.14468 -1.17063e-01 |  9 -0.05409 -1.67190e-01
 10  0.19843 -1.09449e-01 | 11  0.08078 -1.57058e-01 | 12  0.13784 -1.33886e-01
 13  0.08857 -1.37215e-01 | 14  0.02493 -1.62876e-01 | 15  0.09230 -1.60636e-01
 16  0.00377 -1.66130e-01 | 17  0.04191 -1.77230e-01 | 18 -0.04432 -1.45723e-01
 19 -0.12731 -1.72188e-01 | 20 -0.02772 -1.61840e-01 | 21 -0.01499 -1.68945e-01
 22 -0.08385 -1.64715e-01 | 23  0.02472 -1.73805e-01 | 24  0.01985 -1.63033e-01
 25 -0.17461 -1.76862e-01 | 26 -0.06014 -1.60048e-01 | 27 -0.25108 -7.41360e-02
 28 -0.05090 -1.72028e-01 | 29 -0.28033 -1.47471e-01 | 30 -0.04234 -1.88830e-01
 31 -0.19833 -1.27790e-01 | 32 -0.06723  2.02233e+00 | 33 -0.08950  2.03138e+00
 34 -0.01141  2.05608e+00 | 35 -0.01103  2.05025e+00 | 36  0.05941  2.03406e+00
 37  0.06472  2.04379e+00 | 38  0.00700  2.03570e+00 | 39  0.09291  2.00552e+00
 40  0.05993  2.04590e+00 | 41  0.04178  2.04143e+00 | 42  0.06570  2.02232e+00
 43 -0.00873  2.04512e+00 | 44  0.03674  2.03952e+00 | 45  0.08304  2.02309e+00
 46  0.06917  2.03609e+00 | 47  0.08801  2.02097e+00 | 48  0.04280  2.05017e+00
 49 -0.04000  2.04243e+00 | 50 -0.04553  2.04301e+00 | 51 -0.00153  2.04168e+00
 52 -0.01201  2.04578e+00 | 53  0.00326  2.05390e+00 | 54 -0.03273  2.04637e+00
 55  0.00296  2.04650e+00 | 56 -0.04273  2.06488e+00 | 57 -0.03217  2.04841e+00
 58 -0.08678  2.03199e+00 | 59 -0.10323  1.99950e+00 | 60 -0.08568  2.02699e+00
 61 -0.04724  2.04018e+00 | 62  3.02492  6.81012e-04 | 63  1.22492  2.15802e-04
 64  3.18393  4.00228e-03 | 65  1.90570  3.72040e-03 | 66  1.04335  6.47836e-04
 67 -0.11991  4.08035e-04 | 68  0.34684  4.79580e-04 | 69 -2.05578 -1.46190e-04
 70 -1.94263  3.57618e-04 | 71 -2.93212  3.46916e-04 |
71 variables; iteration 120; function evaluation 159
Function value   5.3218337e+03; maximum gradient component mag  -5.7521e-04
Var   Value    Gradient   |Var   Value    Gradient   |Var   Value    Gradient   
  1  2.19998 -1.18067e-06 |  2  0.10416 -5.10762e-07 |  3  0.14775 -5.21740e-05
  4  0.08174 -5.59857e-05 |  5  0.21039 -5.11397e-05 |  6  0.10983 -5.36589e-05
  7 -0.00737 -5.82347e-05 |  8  0.14468 -6.20753e-05 |  9 -0.05409 -5.90799e-05
 10  0.19843 -6.90105e-05 | 11  0.08078 -6.11381e-05 | 12  0.13784 -5.25003e-05
 13  0.08857 -5.56562e-05 | 14  0.02494 -5.80677e-05 | 15  0.09230 -5.73827e-05
 16  0.00377 -5.28621e-05 | 17  0.04192 -5.32013e-05 | 18 -0.04432 -5.71983e-05
 19 -0.12730 -5.46112e-05 | 20 -0.02772 -5.61337e-05 | 21 -0.01498 -5.53676e-05
 22 -0.08385 -5.56926e-05 | 23  0.02472 -5.56465e-05 | 24  0.01985 -5.53150e-05
 25 -0.17460 -5.14469e-05 | 26 -0.06014 -5.48081e-05 | 27 -0.25111 -5.30797e-05
 28 -0.05090 -4.89216e-05 | 29 -0.28033 -4.72178e-05 | 30 -0.04233 -5.51603e-05
 31 -0.19836 -5.32788e-05 | 32 -0.06723 -5.69814e-04 | 33 -0.08950 -5.63895e-04
 34 -0.01141 -5.68462e-04 | 35 -0.01103 -5.70300e-04 | 36  0.05941 -5.66261e-04
 37  0.06472 -5.63828e-04 | 38  0.00700 -5.72193e-04 | 39  0.09291 -5.71097e-04
 40  0.05993 -5.68945e-04 | 41  0.04178 -5.67332e-04 | 42  0.06570 -5.63725e-04
 43 -0.00873 -5.70095e-04 | 44  0.03674 -5.70901e-04 | 45  0.08304 -5.67773e-04
 46  0.06917 -5.71787e-04 | 47  0.08801 -5.69160e-04 | 48  0.04280 -5.72371e-04
 49 -0.04000 -5.69455e-04 | 50 -0.04553 -5.68853e-04 | 51 -0.00153 -5.69754e-04
 52 -0.01201 -5.71173e-04 | 53  0.00326 -5.70632e-04 | 54 -0.03273 -5.70658e-04
 55  0.00296 -5.71912e-04 | 56 -0.04273 -5.75211e-04 | 57 -0.03217 -5.70913e-04
 58 -0.08678 -5.68336e-04 | 59 -0.10323 -5.71364e-04 | 60 -0.08568 -5.66924e-04
 61 -0.04724 -5.65539e-04 | 62  3.02492  1.11367e-07 | 63  1.22493 -1.03008e-07
 64  3.18394  4.49950e-07 | 65  1.90563  5.24307e-07 | 66  1.04336 -4.37009e-08
 67 -0.11992 -3.56347e-09 | 68  0.34687 -4.07094e-08 | 69 -2.05538 -5.25715e-08
 70 -1.94285  9.62116e-08 | 71 -2.93394  1.30310e-08 |

between_phases_section, moving to phase: 4


Initial statistics: 76 variables; iteration 0; function evaluation 0
Function value   5.3218337e+03; maximum gradient component mag  -6.0565e+02
Var   Value    Gradient   |Var   Value    Gradient   |Var   Value    Gradient   
  1  2.19998 -1.03017e-06 |  2  0.10416 -4.45030e-07 |  3  0.14775 -3.39793e-05
  4  0.08174 -3.72571e-05 |  5  0.21039 -3.34782e-05 |  6  0.10983 -3.51803e-05
  7 -0.00737 -3.90205e-05 |  8  0.14468 -4.27303e-05 |  9 -0.05409 -3.97939e-05
 10  0.19843 -4.90043e-05 | 11  0.08078 -4.16244e-05 | 12  0.13784 -3.43479e-05
 13  0.08857 -3.69154e-05 | 14  0.02494 -3.88474e-05 | 15  0.09230 -3.83567e-05
 16  0.00377 -3.43479e-05 | 17  0.04192 -3.46236e-05 | 18 -0.04432 -3.81720e-05
 19 -0.12730 -3.60768e-05 | 20 -0.02772 -3.71823e-05 | 21 -0.01498 -3.64940e-05
 22 -0.08385 -3.69067e-05 | 23  0.02472 -3.67422e-05 | 24  0.01985 -3.64586e-05
 25 -0.17460 -3.34289e-05 | 26 -0.06014 -3.60763e-05 | 27 -0.25111 -3.54350e-05
 28 -0.05090 -3.08947e-05 | 29 -0.28033 -3.03789e-05 | 30 -0.04233 -3.62921e-05
 31 -0.19836 -3.52218e-05 | 32 -0.06723 -5.21581e-04 | 33 -0.08950 -5.16569e-04
 34 -0.01141 -5.20730e-04 | 35 -0.01103 -5.22323e-04 | 36  0.05941 -5.18820e-04
 37  0.06472 -5.16723e-04 | 38  0.00700 -5.23933e-04 | 39  0.09291 -5.22808e-04
 40  0.05993 -5.21139e-04 | 41  0.04178 -5.19737e-04 | 42  0.06570 -5.16548e-04
 43 -0.00873 -5.22154e-04 | 44  0.03674 -5.22869e-04 | 45  0.08304 -5.20044e-04
 46  0.06917 -5.23591e-04 | 47  0.08801 -5.21145e-04 | 48  0.04280 -5.24081e-04
 49 -0.04000 -5.21567e-04 | 50 -0.04553 -5.21055e-04 | 51 -0.00153 -5.21814e-04
 52 -0.01201 -5.23104e-04 | 53  0.00326 -5.22623e-04 | 54 -0.03273 -5.22642e-04
 55  0.00296 -5.23749e-04 | 56 -0.04273 -5.26666e-04 | 57 -0.03217 -5.22871e-04
 58 -0.08678 -5.20615e-04 | 59 -0.10323 -5.23187e-04 | 60 -0.08568 -5.19333e-04
 61 -0.04724 -5.18003e-04 | 62 -0.40967 -2.37038e+02 | 63 -0.40967 -5.37455e+02
 64 -0.87246 -1.77534e+02 | 65 -0.56956 -6.05653e+02 | 66 -0.12819 -4.27442e+02
 67  3.02492  9.45857e-08 | 68  1.22493 -8.94350e-08 | 69  3.18394  3.87684e-07
 70  1.90563  4.52219e-07 | 71  1.04336 -3.77197e-08 | 72 -0.11992 -3.15415e-09
 73  0.34687 -3.51522e-08 | 74 -2.05538 -4.87357e-08 | 75 -1.94285  8.63590e-08
 76 -2.93394  1.22269e-08 |

Intermediate statistics: 76 variables; iteration 10; function evaluation 19
Function value   5.2283998e+03; maximum gradient component mag  -1.1359e+04
Var   Value    Gradient   |Var   Value    Gradient   |Var   Value    Gradient   
  1  2.20629  1.96562e+02 |  2 -0.14549 -2.70404e+02 |  3  0.11206 -1.12913e+04
  4  0.09714 -1.11107e+04 |  5  0.21229 -1.06059e+04 |  6  0.09923 -1.10825e+04
  7  0.02282 -1.11464e+04 |  8  0.14136 -1.09059e+04 |  9 -0.05263 -1.11963e+04
 10  0.19592 -1.06185e+04 | 11  0.05562 -1.12063e+04 | 12  0.14177 -1.08277e+04
 13  0.12596 -1.06630e+04 | 14  0.00858 -1.11940e+04 | 15  0.08523 -1.10501e+04
 16  0.01317 -1.10793e+04 | 17  0.05000 -1.09688e+04 | 18 -0.03345 -1.11324e+04
 19 -0.11752 -1.09982e+04 | 20 -0.04119 -1.11692e+04 | 21 -0.00830 -1.10911e+04
 22 -0.08603 -1.10964e+04 | 23  0.02224 -1.12180e+04 | 24  0.01344 -1.12548e+04
 25 -0.15458 -1.09021e+04 | 26 -0.05729 -1.12631e+04 | 27 -0.23928 -1.04822e+04
 28 -0.04435 -1.13587e+04 | 29 -0.27103 -1.02594e+04 | 30 -0.09918 -1.12498e+04
 31 -0.20027 -1.07007e+04 | 32 -0.06273  1.28382e+03 | 33 -0.06899  1.36359e+03
 34 -0.00653  1.31620e+03 | 35 -0.00223  1.30716e+03 | 36  0.06778  1.21709e+03
 37  0.05189  1.04188e+03 | 38  0.02068  1.33961e+03 | 39  0.09565  1.15361e+03
 40  0.04265  1.22899e+03 | 41  0.04185  1.24497e+03 | 42  0.04538  1.02368e+03
 43  0.01056  1.35577e+03 | 44  0.04506  1.14021e+03 | 45  0.08165  1.00519e+03
 46  0.07311  1.32039e+03 | 47  0.08266  1.10790e+03 | 48  0.04431  1.09904e+03
 49 -0.04162  1.27977e+03 | 50 -0.04323  1.29174e+03 | 51 -0.00858  1.17545e+03
 52 -0.02559  1.22334e+03 | 53 -0.00852  1.17420e+03 | 54 -0.02999  1.36296e+03
 55 -0.00550  1.18389e+03 | 56 -0.03517  1.31645e+03 | 57 -0.02065  1.33657e+03
 58 -0.08609  1.34602e+03 | 59 -0.09837  1.37516e+03 | 60 -0.10027  1.28473e+03
 61 -0.05933  1.24140e+03 | 62 -0.32832 -2.00325e+02 | 63 -0.29279 -3.53321e+02
 64 -0.86966 -2.82032e+02 | 65 -0.53848 -7.11287e+02 | 66  0.04498 -3.40730e+02
 67  3.03424 -2.00494e+01 | 68  1.22588 -3.72919e+00 | 69  3.19328 -3.88265e+01
 70  1.90645 -1.21480e+01 | 71  1.04348 -5.94877e+00 | 72 -0.12003 -2.38113e+00
 73  0.34658 -4.16814e+00 | 74 -2.05542 -4.64783e-01 | 75 -1.94292 -5.74246e-01
 76 -2.93398 -2.63210e-01 |
76 variables; iteration 20; function evaluation 30
Function value   5.2229918e+03; maximum gradient component mag   9.7518e+03
Var   Value    Gradient   |Var   Value    Gradient   |Var   Value    Gradient   
  1  2.20654  2.33050e+02 |  2 -0.21226 -3.22339e+02 |  3  0.11909 -2.26132e+03
  4  0.08182 -2.17839e+03 |  5  0.20939 -2.05228e+03 |  6  0.10170 -2.08927e+03
  7  0.01228 -2.10434e+03 |  8  0.14858 -1.90290e+03 |  9 -0.05921 -2.14251e+03
 10  0.20563 -1.66094e+03 | 11  0.06390 -2.08223e+03 | 12  0.13860 -1.95197e+03
 13  0.12214 -1.79376e+03 | 14  0.01638 -2.08779e+03 | 15  0.08313 -2.02392e+03
 16  0.01546 -1.98901e+03 | 17  0.04843 -1.97637e+03 | 18 -0.03141 -2.07851e+03
 19 -0.12059 -2.10922e+03 | 20 -0.04145 -2.14276e+03 | 21 -0.00728 -2.04145e+03
 22 -0.08974 -2.14419e+03 | 23  0.02313 -2.17869e+03 | 24  0.01310 -2.24043e+03
 25 -0.15994 -2.13009e+03 | 26 -0.05403 -2.28441e+03 | 27 -0.24001 -2.05586e+03
 28 -0.04523 -2.36123e+03 | 29 -0.26792 -2.00165e+03 | 30 -0.07684 -2.25855e+03
 31 -0.21770 -2.06034e+03 | 32 -0.05783  9.59073e+03 | 33 -0.07063  9.61452e+03
 34 -0.00625  9.69533e+03 | 35 -0.00805  9.63292e+03 | 36  0.06670  9.58021e+03
 37  0.05552  9.40429e+03 | 38  0.02290  9.64669e+03 | 39  0.09789  9.37448e+03
 40  0.04477  9.53258e+03 | 41  0.04237  9.55645e+03 | 42  0.04659  9.32475e+03
 43  0.01167  9.75182e+03 | 44  0.04723  9.50421e+03 | 45  0.08429  9.29606e+03
 46  0.07427  9.59650e+03 | 47  0.08385  9.37413e+03 | 48  0.04769  9.48007e+03
 49 -0.04032  9.64010e+03 | 50 -0.04126  9.64814e+03 | 51 -0.00484  9.59099e+03
 52 -0.02436  9.59707e+03 | 53 -0.00721  9.56598e+03 | 54 -0.03140  9.69585e+03
 55 -0.00318  9.58975e+03 | 56 -0.03369  9.68804e+03 | 57 -0.02144  9.74050e+03
 58 -0.09022  9.62042e+03 | 59 -0.10698  9.58424e+03 | 60 -0.10840  9.49784e+03
 61 -0.06993  9.53436e+03 | 62 -0.29511 -1.59785e+02 | 63 -0.29849 -3.92816e+02
 64 -0.86634 -2.79527e+02 | 65 -0.52771 -6.90386e+02 | 66  0.05171 -3.42838e+02
 67  3.09178 -6.82460e+00 | 68  1.23465 -1.49530e+00 | 69  3.30276 -5.35914e+00
 70  1.93831 -4.30126e+00 | 71  1.05877 -2.17841e+00 | 72 -0.11424 -8.75675e-01
 73  0.35654 -1.55012e+00 | 74 -2.05439 -1.64315e-01 | 75 -1.94162 -2.03330e-01
 76 -2.93341 -9.73147e-02 |
76 variables; iteration 30; function evaluation 42
Function value   5.2188455e+03; maximum gradient component mag   9.0591e+03
Var   Value    Gradient   |Var   Value    Gradient   |Var   Value    Gradient   
  1  2.20682  2.30948e+02 |  2 -0.21371 -3.18747e+02 |  3  0.11648  1.87351e+03
  4  0.08287  1.99117e+03 |  5  0.21070  1.94360e+03 |  6  0.09958  2.04446e+03
  7  0.01237  2.08434e+03 |  8  0.14712  2.14829e+03 |  9 -0.05814  2.03009e+03
 10  0.20662  2.31386e+03 | 11  0.06235  2.08375e+03 | 12  0.13777  2.13210e+03
 13  0.12215  2.30943e+03 | 14  0.01431  2.08970e+03 | 15  0.08331  2.11530e+03
 16  0.01531  2.18856e+03 | 17  0.04935  2.21822e+03 | 18 -0.03058  2.12316e+03
 19 -0.12098  2.01872e+03 | 20 -0.04206  2.05905e+03 | 21 -0.00876  2.13826e+03
 22 -0.09028  2.00112e+03 | 23  0.02264  1.99387e+03 | 24  0.01316  1.94514e+03
 25 -0.16324  1.91492e+03 | 26 -0.05416  1.88984e+03 | 27 -0.23570  1.85172e+03
 28 -0.04434  1.81510e+03 | 29 -0.26143  1.83866e+03 | 30 -0.07865  1.89954e+03
 31 -0.21546  1.89181e+03 | 32 -0.05661  8.92339e+03 | 33 -0.07089  8.90873e+03
 34 -0.00546  9.01017e+03 | 35 -0.00759  8.98467e+03 | 36  0.06662  8.91456e+03
 37  0.05529  8.73938e+03 | 38  0.02122  8.96220e+03 | 39  0.09918  8.74220e+03
 40  0.04605  8.87311e+03 | 41  0.04304  8.88780e+03 | 42  0.04632  8.65452e+03
 43  0.00952  9.05779e+03 | 44  0.04883  8.86762e+03 | 45  0.08425  8.64083e+03
 46  0.07541  8.95178e+03 | 47  0.08499  8.72737e+03 | 48  0.04713  8.80717e+03
 49 -0.04289  8.93401e+03 | 50 -0.04373  8.95598e+03 | 51 -0.00911  8.87158e+03
 52 -0.02475  8.95134e+03 | 53 -0.00596  8.93440e+03 | 54 -0.03140  9.02961e+03
 55 -0.00286  8.92376e+03 | 56 -0.03335  9.02077e+03 | 57 -0.02166  9.05909e+03
 58 -0.08841  8.97564e+03 | 59 -0.10535  8.94227e+03 | 60 -0.10783  8.84347e+03
 61 -0.07021  8.86810e+03 | 62 -0.29127 -1.63891e+02 | 63 -0.28684 -3.72949e+02
 64 -0.86464 -2.68750e+02 | 65 -0.52752 -6.87222e+02 | 66  0.04744 -3.40489e+02
 67  3.19278  5.89393e+00 | 68  1.25162 -7.57534e-01 | 69  3.28477 -3.48677e+00
 70  1.96448 -2.32287e+00 | 71  1.07101 -1.44885e+00 | 72 -0.11154 -6.23561e-01
 73  0.35961 -1.10845e+00 | 74 -2.05443 -1.11967e-01 | 75 -1.94180 -1.45166e-01
 76 -2.93359 -7.18211e-02 |
76 variables; iteration 40; function evaluation 53
Function value   5.1622224e+03; maximum gradient component mag  -7.0204e+03
Var   Value    Gradient   |Var   Value    Gradient   |Var   Value    Gradient   
  1  2.23492  2.44411e+02 |  2 -0.20382 -1.98119e+02 |  3  0.10096 -6.94799e+03
  4  0.08335 -6.84403e+03 |  5  0.21465 -6.43106e+03 |  6  0.09157 -6.84035e+03
  7  0.01509 -6.87224e+03 |  8  0.14788 -6.58145e+03 |  9 -0.04513 -6.85932e+03
 10  0.20110 -6.34490e+03 | 11  0.07940 -6.72750e+03 | 12  0.14181 -6.59524e+03
 13  0.11615 -6.60891e+03 | 14  0.00325 -6.90897e+03 | 15  0.08365 -6.75543e+03
 16  0.01315 -6.77774e+03 | 17  0.03966 -6.79162e+03 | 18 -0.03109 -6.79337e+03
 19 -0.11184 -6.74791e+03 | 20 -0.04417 -6.87506e+03 | 21 -0.00647 -6.79498e+03
 22 -0.08616 -6.82839e+03 | 23  0.01529 -6.97525e+03 | 24  0.02352 -6.84294e+03
 25 -0.16356 -6.72166e+03 | 26 -0.05595 -6.95876e+03 | 27 -0.22767 -6.47656e+03
 28 -0.04690 -7.02038e+03 | 29 -0.26520 -6.33477e+03 | 30 -0.08045 -6.93680e+03
 31 -0.21342 -6.54599e+03 | 32 -0.06664 -2.95461e+03 | 33 -0.06998 -2.92272e+03
 34 -0.01402 -2.98212e+03 | 35 -0.01273 -2.98008e+03 | 36  0.06587 -2.94584e+03
 37  0.04894 -3.13005e+03 | 38  0.02306 -2.93061e+03 | 39  0.10751 -2.97013e+03
 40  0.05275 -2.95694e+03 | 41  0.05301 -2.95926e+03 | 42  0.04960 -3.11025e+03
 43  0.01064 -2.91133e+03 | 44  0.04243 -3.01955e+03 | 45  0.07713 -3.13878e+03
 46  0.06701 -2.95477e+03 | 47  0.07310 -3.14590e+03 | 48  0.03969 -3.10383e+03
 49 -0.04793 -3.00203e+03 | 50 -0.03824 -2.92935e+03 | 51  0.00377 -2.94904e+03
 52 -0.01866 -2.94004e+03 | 53 -0.00211 -2.99407e+03 | 54 -0.02962 -2.91869e+03
 55 -0.00230 -2.97100e+03 | 56 -0.03335 -2.90686e+03 | 57 -0.02032 -2.89374e+03
 58 -0.08935 -2.87098e+03 | 59 -0.10315 -2.86360e+03 | 60 -0.10602 -2.90622e+03
 61 -0.06044 -2.93019e+03 | 62 -0.29085 -1.11251e+02 | 63 -0.26242 -2.96505e+02
 64 -0.85256 -1.97523e+02 | 65 -0.47479 -4.77449e+02 | 66  0.14426 -2.08461e+02
 67  3.22745  1.46946e+01 | 68  1.49373  4.62062e+00 | 69  3.19476  1.42448e+00
 70  2.20965  1.35097e+01 | 71  1.21550  4.03356e+00 | 72 -0.08755  8.18141e-01
 73  0.37225  1.36492e+00 | 74 -2.06042  1.36362e-01 | 75 -1.95139  1.78374e-01
 76 -2.93958  7.91286e-02 |
76 variables; iteration 50; function evaluation 66
Function value   5.1036497e+03; maximum gradient component mag   1.6477e+04
Var   Value    Gradient   |Var   Value    Gradient   |Var   Value    Gradient   
  1  2.21468  2.04911e+01 |  2 -0.22832  6.41161e+00 |  3  0.12058  1.61176e+04
  4  0.08285  1.62345e+04 |  5  0.23231  1.54317e+04 |  6  0.09814  1.61371e+04
  7  0.01737  1.63803e+04 |  8  0.13987  1.59635e+04 |  9 -0.06785  1.62719e+04
 10  0.19651  1.55554e+04 | 11  0.04953  1.62807e+04 | 12  0.14968  1.59440e+04
 13  0.11372  1.60383e+04 | 14  0.03223  1.64743e+04 | 15  0.07939  1.62919e+04
 16  0.02685  1.64692e+04 | 17  0.05633  1.63548e+04 | 18 -0.02544  1.63644e+04
 19 -0.14632  1.58720e+04 | 20 -0.04673  1.62993e+04 | 21 -0.00169  1.64060e+04
 22 -0.08043  1.62891e+04 | 23  0.02397  1.64066e+04 | 24  0.01793  1.64770e+04
 25 -0.15031  1.59409e+04 | 26 -0.04485  1.64255e+04 | 27 -0.25693  1.50363e+04
 28 -0.03436  1.63610e+04 | 29 -0.27591  1.48621e+04 | 30 -0.08851  1.62138e+04
 31 -0.22852  1.53417e+04 | 32 -0.05596  4.04234e+03 | 33 -0.06380  4.02504e+03
 34  0.00679  4.23110e+03 | 35  0.00480  4.15443e+03 | 36  0.06787  4.06276e+03
 37  0.06115  4.22605e+03 | 38  0.02493  4.19268e+03 | 39  0.08419  3.88392e+03
 40  0.04493  4.09700e+03 | 41  0.04281  4.13124e+03 | 42  0.04976  4.00491e+03
 43  0.01685  4.18639e+03 | 44  0.05469  4.19916e+03 | 45  0.08072  3.94378e+03
 46  0.06225  3.96613e+03 | 47  0.08149  4.01821e+03 | 48  0.05127  4.17998e+03
 49 -0.05165  3.96419e+03 | 50 -0.04633  4.04224e+03 | 51  0.00979  4.29867e+03
 52 -0.02258  4.04235e+03 | 53 -0.00197  4.08031e+03 | 54 -0.04050  4.00777e+03
 55 -0.01301  3.97235e+03 | 56 -0.03825  4.04454e+03 | 57 -0.03196  3.98445e+03
 58 -0.10039  3.97035e+03 | 59 -0.10344  4.18418e+03 | 60 -0.10580  4.11762e+03
 61 -0.06919  4.05129e+03 | 62 -0.23357 -9.32148e+01 | 63 -0.10710 -7.12088e+01
 64 -0.80635  4.44470e+01 | 65 -0.37590 -1.47982e+02 | 66  0.15450 -1.00567e+02
 67  3.24224  1.28223e+01 | 68  1.64355  7.85631e+00 | 69  3.25362  7.59101e+00
 70  1.86874  3.45514e-01 | 71  1.24966  4.81646e+00 | 72 -0.08429  9.66082e-01
 73  0.32773  1.18683e+00 | 74 -2.07885  1.74190e-01 | 75 -1.97864  2.10098e-01
 76 -2.95526  9.11697e-02 |
76 variables; iteration 60; function evaluation 80
Function value   5.0944666e+03; maximum gradient component mag   1.6284e+04
Var   Value    Gradient   |Var   Value    Gradient   |Var   Value    Gradient   
  1  2.22755  3.64688e+01 |  2 -0.22546  3.87591e+01 |  3  0.12426  1.58933e+04
  4  0.08773  1.60159e+04 |  5  0.22148  1.52646e+04 |  6  0.09307  1.59585e+04
  7  0.02340  1.61768e+04 |  8  0.13990  1.57531e+04 |  9 -0.08370  1.59663e+04
 10  0.19746  1.53169e+04 | 11  0.05137  1.60548e+04 | 12  0.14158  1.57336e+04
 13  0.11409  1.58199e+04 | 14  0.04659  1.62841e+04 | 15  0.08258  1.60572e+04
 16  0.01772  1.61884e+04 | 17  0.05267  1.61085e+04 | 18 -0.02820  1.61058e+04
 19 -0.13295  1.57569e+04 | 20 -0.04905  1.60596e+04 | 21 -0.00226  1.61675e+04
 22 -0.08397  1.60375e+04 | 23  0.02322  1.61897e+04 | 24  0.01621  1.62644e+04
 25 -0.15273  1.57035e+04 | 26 -0.04129  1.62497e+04 | 27 -0.25561  1.48463e+04
 28 -0.03205  1.61975e+04 | 29 -0.27671  1.46509e+04 | 30 -0.08209  1.60493e+04
 31 -0.22354  1.51784e+04 | 32 -0.05595  3.58378e+03 | 33 -0.06336  3.54774e+03
 34  0.00384  3.70938e+03 | 35  0.00127  3.66045e+03 | 36  0.05994  3.53173e+03
 37  0.05089  3.59113e+03 | 38  0.02350  3.67375e+03 | 39  0.09064  3.48980e+03
 40  0.04508  3.59708e+03 | 41  0.04733  3.67451e+03 | 42  0.04956  3.55915e+03
 43  0.01360  3.62987e+03 | 44  0.05319  3.66024e+03 | 45  0.08906  3.53583e+03
 46  0.06791  3.55492e+03 | 47  0.07841  3.53053e+03 | 48  0.04744  3.63869e+03
 49 -0.04929  3.50482e+03 | 50 -0.04181  3.59547e+03 | 51  0.01053  3.78145e+03
 52 -0.01962  3.59480e+03 | 53 -0.00191  3.58700e+03 | 54 -0.04033  3.49941e+03
 55 -0.01285  3.48455e+03 | 56 -0.03795  3.54456e+03 | 57 -0.03001  3.48475e+03
 58 -0.09584  3.55013e+03 | 59 -0.10595  3.64149e+03 | 60 -0.10938  3.59162e+03
 61 -0.06843  3.60169e+03 | 62 -0.22055 -7.88320e+01 | 63 -0.08664 -3.80369e+01
 64 -0.80426  5.46217e+01 | 65 -0.37517 -1.37389e+02 | 66  0.18052 -7.73869e+01
 67  3.27215  1.22291e+01 | 68  1.16104 -1.80991e+00 | 69  3.29618  6.15209e+00
 70  1.89499 -4.31100e-01 | 71  1.02176  2.34750e-01 | 72 -0.10771  4.94006e-01
 73  0.30720  5.00401e-01 | 74 -2.08417  1.08759e-01 | 75 -1.98608  1.31630e-01
 76 -2.95953  6.26145e-02 |
76 variables; iteration 70; function evaluation 96
Function value   5.0715250e+03; maximum gradient component mag   2.6707e+03
Var   Value    Gradient   |Var   Value    Gradient   |Var   Value    Gradient   
  1  2.23640  3.28360e+01 |  2 -0.30285  2.24456e+01 |  3  0.10639 -1.96825e+03
  4  0.07949 -1.96190e+03 |  5  0.21783 -1.77940e+03 |  6  0.10017 -1.89449e+03
  7  0.02402 -1.93536e+03 |  8  0.13925 -1.94953e+03 |  9 -0.07076 -1.98290e+03
 10  0.19483 -1.92653e+03 | 11  0.06642 -1.92844e+03 | 12  0.13374 -1.97645e+03
 13  0.12335 -1.96669e+03 | 14  0.01426 -1.94208e+03 | 15  0.08800 -1.87826e+03
 16  0.02272 -1.93992e+03 | 17  0.05802 -1.94484e+03 | 18 -0.02311 -2.01390e+03
 19 -0.12830 -1.97420e+03 | 20 -0.05376 -1.99972e+03 | 21 -0.01236 -2.00067e+03
 22 -0.07865 -1.90254e+03 | 23  0.02414 -1.91725e+03 | 24  0.01182 -1.92089e+03
 25 -0.15419 -1.93736e+03 | 26 -0.03980 -1.90286e+03 | 27 -0.24187 -1.84483e+03
 28 -0.03014 -1.93332e+03 | 29 -0.27070 -1.79777e+03 | 30 -0.09099 -1.94409e+03
 31 -0.21940 -1.84403e+03 | 32 -0.05818  2.60348e+03 | 33 -0.06437  2.58208e+03
 34 -0.00800  2.61387e+03 | 35 -0.00405  2.62685e+03 | 36  0.06019  2.56651e+03
 37  0.05091  2.56542e+03 | 38  0.02766  2.67070e+03 | 39  0.09602  2.59521e+03
 40  0.04620  2.61072e+03 | 41  0.04434  2.62770e+03 | 42  0.05183  2.61360e+03
 43  0.01462  2.62385e+03 | 44  0.05071  2.62706e+03 | 45  0.09235  2.61606e+03
 46  0.07506  2.62606e+03 | 47  0.08972  2.65308e+03 | 48  0.05121  2.63496e+03
 49 -0.04254  2.60232e+03 | 50 -0.04188  2.60156e+03 | 51  0.00078  2.66532e+03
 52 -0.02527  2.58851e+03 | 53 -0.00244  2.61763e+03 | 54 -0.03782  2.56883e+03
 55 -0.01155  2.54895e+03 | 56 -0.03613  2.57182e+03 | 57 -0.02762  2.54789e+03
 58 -0.09504  2.60204e+03 | 59 -0.11180  2.60450e+03 | 60 -0.11233  2.63571e+03
 61 -0.07298  2.61202e+03 | 62 -0.17394 -3.61475e+01 | 63 -0.03688 -4.13768e+01
 64 -0.79953  4.44115e+01 | 65 -0.33170 -7.52049e+01 | 66  0.23091 -4.79947e+01
 67  3.22468  3.27503e+00 | 68  1.24545 -1.54922e+00 | 69  3.30875 -3.52242e+00
 70  1.98591 -9.09625e-01 | 71  0.98196 -1.85114e+00 | 72 -0.13657 -3.04596e-01
 73  0.47732  4.95879e-01 | 74 -2.08845 -2.72164e-02 | 75 -1.99428 -3.53610e-02
 76 -2.96962 -1.01054e-02 |
76 variables; iteration 80; function evaluation 107
Function value   5.0517959e+03; maximum gradient component mag   5.7864e+03
Var   Value    Gradient   |Var   Value    Gradient   |Var   Value    Gradient   
  1  2.23090 -8.33143e+00 |  2 -0.48671  3.00985e+00 |  3  0.09938  5.69041e+03
  4  0.07937  5.73104e+03 |  5  0.21388  5.45229e+03 |  6  0.08608  5.71272e+03
  7  0.01779  5.77384e+03 |  8  0.13796  5.63944e+03 |  9 -0.06426  5.75708e+03
 10  0.19381  5.51451e+03 | 11  0.04798  5.76183e+03 | 12  0.13642  5.65276e+03
 13  0.14134  5.66494e+03 | 14 -0.00270  5.77136e+03 | 15  0.07130  5.73940e+03
 16  0.01734  5.78539e+03 | 17  0.05618  5.76301e+03 | 18 -0.00641  5.77883e+03
 19 -0.11011  5.68815e+03 | 20 -0.05425  5.77002e+03 | 21 -0.00899  5.78636e+03
 22 -0.09106  5.72809e+03 | 23  0.02117  5.78196e+03 | 24  0.00790  5.77881e+03
 25 -0.13232  5.63234e+03 | 26 -0.02804  5.76864e+03 | 27 -0.23070  5.38077e+03
 28 -0.01936  5.77665e+03 | 29 -0.26835  5.26401e+03 | 30 -0.09694  5.72682e+03
 31 -0.22274  5.44968e+03 | 32 -0.05228  2.44074e+03 | 33 -0.05448  2.43426e+03
 34 -0.00614  2.45155e+03 | 35 -0.00247  2.45340e+03 | 36  0.05850  2.45800e+03
 37  0.04800  2.45310e+03 | 38  0.02911  2.44117e+03 | 39  0.09456  2.41747e+03
 40  0.04244  2.43635e+03 | 41  0.04166  2.44072e+03 | 42  0.05168  2.44390e+03
 43  0.02520  2.45416e+03 | 44  0.05625  2.45177e+03 | 45  0.08804  2.43092e+03
 46  0.07029  2.43415e+03 | 47  0.08672  2.43556e+03 | 48  0.05438  2.45541e+03
 49 -0.03821  2.44980e+03 | 50 -0.03669  2.44426e+03 | 51 -0.00040  2.44620e+03
 52 -0.02782  2.44781e+03 | 53 -0.00708  2.45198e+03 | 54 -0.03661  2.45115e+03
 55 -0.00772  2.45881e+03 | 56 -0.02862  2.44537e+03 | 57 -0.02357  2.45070e+03
 58 -0.09981  2.42393e+03 | 59 -0.11896  2.41719e+03 | 60 -0.12490  2.42077e+03
 61 -0.08194  2.44630e+03 | 62 -0.01805 -1.43700e+00 | 63  0.15964 -6.81035e+00
 64 -0.79813 -5.52634e+00 | 65 -0.24421  9.36385e+00 | 66  0.38759 -9.38067e-01
 67  3.25930 -4.27764e-02 | 68  1.39095 -2.80689e-01 | 69  3.38320  8.45139e-01
 70  2.02804 -3.47833e-01 | 71  1.13129 -1.71560e-01 | 72 -0.25380 -7.07659e-01
 73  0.44220  3.44703e-01 | 74 -2.04595  6.72305e-03 | 75 -1.94847  8.35217e-03
 76 -2.97441  2.57625e-03 |
76 variables; iteration 90; function evaluation 117
Function value   5.0508721e+03; maximum gradient component mag   1.7773e+03
Var   Value    Gradient   |Var   Value    Gradient   |Var   Value    Gradient   
  1  2.23816  2.36850e+00 |  2 -0.50616 -1.83541e+00 |  3  0.10010  1.74082e+03
  4  0.07945  1.75976e+03 |  5  0.21230  1.67848e+03 |  6  0.08516  1.75287e+03
  7  0.01934  1.77508e+03 |  8  0.13698  1.73076e+03 |  9 -0.06505  1.76978e+03
 10  0.19292  1.69139e+03 | 11  0.04674  1.76640e+03 | 12  0.13470  1.73475e+03
 13  0.14035  1.74827e+03 | 14 -0.00217  1.77381e+03 | 15  0.06854  1.75825e+03
 16  0.01460  1.77522e+03 | 17  0.05466  1.77174e+03 | 18 -0.00488  1.77511e+03
 19 -0.10847  1.74316e+03 | 20 -0.05609  1.77245e+03 | 21 -0.00942  1.77682e+03
 22 -0.09169  1.75910e+03 | 23  0.01992  1.77549e+03 | 24  0.00662  1.77727e+03
 25 -0.12844  1.71873e+03 | 26 -0.02456  1.77150e+03 | 27 -0.22448  1.64520e+03
 28 -0.01663  1.77254e+03 | 29 -0.26393  1.61417e+03 | 30 -0.09881  1.76254e+03
 31 -0.22567  1.68115e+03 | 32 -0.04890 -1.40583e+03 | 33 -0.05124 -1.39892e+03
 34 -0.00407 -1.41039e+03 | 35 -0.00081 -1.40998e+03 | 36  0.05927 -1.40155e+03
 37  0.04999 -1.40676e+03 | 38  0.03142 -1.40764e+03 | 39  0.09652 -1.39099e+03
 40  0.04443 -1.40638e+03 | 41  0.04321 -1.40393e+03 | 42  0.05341 -1.40698e+03
 43  0.02645 -1.40731e+03 | 44  0.05752 -1.40681e+03 | 45  0.08899 -1.39625e+03
 46  0.07125 -1.39943e+03 | 47  0.08785 -1.39985e+03 | 48  0.05537 -1.40701e+03
 49 -0.03677 -1.40660e+03 | 50 -0.03577 -1.40537e+03 | 51 -0.00016 -1.40992e+03
 52 -0.02778 -1.40833e+03 | 53 -0.00758 -1.40996e+03 | 54 -0.03711 -1.40588e+03
 55 -0.00744 -1.41077e+03 | 56 -0.02816 -1.40823e+03 | 57 -0.02593 -1.40748e+03
 58 -0.10411 -1.39538e+03 | 59 -0.12615 -1.38953e+03 | 60 -0.13332 -1.39256e+03
 61 -0.09162 -1.40119e+03 | 62  0.02003 -3.05805e-01 | 63  0.20672 -9.73555e-01
 64 -0.79590 -7.48541e-01 | 65 -0.24696  6.57179e-01 | 66  0.37131 -4.54494e+00
 67  3.28242 -1.02918e-01 | 68  1.42742 -3.33097e-02 | 69  3.38112 -2.54599e-01
 70  2.03232 -2.98902e-01 | 71  1.13176 -1.09422e-01 | 72 -0.05475  1.00568e-01
 73  0.36623 -5.22767e-02 | 74 -2.07963 -5.02852e-03 | 75 -1.98930 -6.82370e-03
 76 -3.03095 -4.26081e-03 |
76 variables; iteration 100; function evaluation 127
Function value   5.0503328e+03; maximum gradient component mag   6.6558e+02
Var   Value    Gradient   |Var   Value    Gradient   |Var   Value    Gradient   
  1  2.23432  2.11943e-01 |  2 -0.50964  1.84009e-01 |  3  0.10190  6.57419e+02
  4  0.07954  6.60076e+02 |  5  0.21192  6.28680e+02 |  6  0.08613  6.59247e+02
  7  0.01876  6.64184e+02 |  8  0.13717  6.49954e+02 |  9 -0.06738  6.61455e+02
 10  0.19330  6.35202e+02 | 11  0.04750  6.63193e+02 | 12  0.13549  6.50758e+02
 13  0.13895  6.48298e+02 | 14 -0.00181  6.65572e+02 | 15  0.06941  6.60785e+02
 16  0.01476  6.64779e+02 | 17  0.05465  6.62743e+02 | 18 -0.00417  6.65585e+02
 19 -0.10625  6.56909e+02 | 20 -0.05675  6.62387e+02 | 21 -0.00933  6.64360e+02
 22 -0.09267  6.57396e+02 | 23  0.01978  6.63958e+02 | 24  0.00572  6.64147e+02
 25 -0.12221  6.53153e+02 | 26 -0.02524  6.63763e+02 | 27 -0.21560  6.26600e+02
 28 -0.01674  6.64039e+02 | 29 -0.25605  6.12683e+02 | 30 -0.10252  6.55721e+02
 31 -0.24634  6.19628e+02 | 32 -0.04956  2.99922e+02 | 33 -0.05173  2.99988e+02
 34 -0.00447  3.01324e+02 | 35 -0.00142  3.01792e+02 | 36  0.05848  3.01205e+02
 37  0.04921  3.00713e+02 | 38  0.03089  3.01549e+02 | 39  0.09565  2.98455e+02
 40  0.04335  3.00539e+02 | 41  0.04278  3.01638e+02 | 42  0.05263  2.99912e+02
 43  0.02590  3.02142e+02 | 44  0.05679  3.00909e+02 | 45  0.08840  2.99548e+02
 46  0.07121  3.00555e+02 | 47  0.08745  2.98494e+02 | 48  0.05515  3.00942e+02
 49 -0.03713  3.00803e+02 | 50 -0.03617  3.01192e+02 | 51 -0.00044  3.02368e+02
 52 -0.02811  3.01926e+02 | 53 -0.00773  3.02353e+02 | 54 -0.03675  3.02118e+02
 55 -0.00681  3.02180e+02 | 56 -0.02700  3.01922e+02 | 57 -0.02432  3.02116e+02
 58 -0.10249  2.98861e+02 | 59 -0.12408  2.97592e+02 | 60 -0.13129  2.98230e+02
 61 -0.08958  3.00796e+02 | 62  0.02396 -1.94975e-01 | 63  0.21558  6.70124e-01
 64 -0.79496 -1.96921e-01 | 65 -0.24512  1.80351e-01 | 66  0.38361 -7.34633e-01
 67  3.27921 -2.71552e-02 | 68  1.42594 -5.23852e-03 | 69  3.38201 -1.83572e-02
 70  2.03948 -4.15722e-02 | 71  1.13941 -1.06224e-02 | 72 -0.07792 -1.40071e-03
 73  0.37490 -5.74098e-03 | 74 -2.07133 -1.63826e-04 | 75 -1.98166 -5.57367e-04
 76 -2.99139  2.12382e-03 |
76 variables; iteration 110; function evaluation 137
Function value   5.0503143e+03; maximum gradient component mag   7.8385e+00
Var   Value    Gradient   |Var   Value    Gradient   |Var   Value    Gradient   
  1  2.23324  2.47988e-02 |  2 -0.51163 -2.10391e-02 |  3  0.10205 -6.50316e+00
  4  0.07962 -6.83101e+00 |  5  0.21219 -6.31372e+00 |  6  0.08622 -6.73475e+00
  7  0.01911 -6.86920e+00 |  8  0.13737 -6.65946e+00 |  9 -0.06723 -6.65858e+00
 10  0.19345 -6.64222e+00 | 11  0.04766 -6.84725e+00 | 12  0.13553 -6.75131e+00
 13  0.13926 -6.86235e+00 | 14 -0.00165 -6.70009e+00 | 15  0.06952 -6.79088e+00
 16  0.01495 -6.75518e+00 | 17  0.05485 -6.71313e+00 | 18 -0.00402 -6.79149e+00
 19 -0.10616 -6.53983e+00 | 20 -0.05656 -6.73641e+00 | 21 -0.00915 -6.75371e+00
 22 -0.09231 -6.74532e+00 | 23  0.01998 -6.79152e+00 | 24  0.00596 -6.91255e+00
 25 -0.12219 -6.73862e+00 | 26 -0.02483 -6.86713e+00 | 27 -0.21488 -6.12055e+00
 28 -0.01641 -6.86935e+00 | 29 -0.25627 -6.13034e+00 | 30 -0.10208 -6.91110e+00
 31 -0.25246 -6.34031e+00 | 32 -0.04937  7.75966e+00 | 33 -0.05140  7.63485e+00
 34 -0.00425  7.79503e+00 | 35 -0.00121  7.78332e+00 | 36  0.05863  7.78384e+00
 37  0.04930  7.79566e+00 | 38  0.03105  7.77444e+00 | 39  0.09581  7.68646e+00
 40  0.04340  7.75367e+00 | 41  0.04289  7.82579e+00 | 42  0.05267  7.80789e+00
 43  0.02604  7.81902e+00 | 44  0.05688  7.79400e+00 | 45  0.08845  7.70702e+00
 46  0.07131  7.74877e+00 | 47  0.08753  7.82278e+00 | 48  0.05520  7.73535e+00
 49 -0.03709  7.78322e+00 | 50 -0.03612  7.75484e+00 | 51 -0.00038  7.78145e+00
 52 -0.02809  7.74099e+00 | 53 -0.00776  7.78100e+00 | 54 -0.03678  7.80717e+00
 55 -0.00689  7.83852e+00 | 56 -0.02710  7.80576e+00 | 57 -0.02451  7.78520e+00
 58 -0.10285  7.75373e+00 | 59 -0.12451  7.69829e+00 | 60 -0.13190  7.73124e+00
 61 -0.09012  7.72280e+00 | 62  0.02560 -4.61911e-02 | 63  0.21509  3.53058e-02
 64 -0.79477 -3.38979e-02 | 65 -0.24485 -6.60710e-03 | 66  0.38690 -5.25830e-03
 67  3.28088  6.14792e-03 | 68  1.42700  1.12025e-03 | 69  3.38204 -5.22915e-04
 70  2.04014  1.42505e-03 | 71  1.13904 -4.47301e-04 | 72 -0.07947 -1.14053e-04
 73  0.37359 -3.55773e-04 | 74 -2.07418 -2.12183e-04 | 75 -1.98221 -3.18598e-04
 76 -3.01177 -1.10976e-04 |
76 variables; iteration 120; function evaluation 147
Function value   5.0503142e+03; maximum gradient component mag  -3.2147e-01
Var   Value    Gradient   |Var   Value    Gradient   |Var   Value    Gradient   
  1  2.23321 -2.01280e-05 |  2 -0.51161  3.90233e-04 |  3  0.10202 -3.19058e-01
  4  0.07964 -3.18035e-01 |  5  0.21219 -3.04691e-01 |  6  0.08623 -3.18589e-01
  7  0.01914 -3.19556e-01 |  8  0.13738 -3.13663e-01 |  9 -0.06727 -3.15998e-01
 10  0.19347 -3.05647e-01 | 11  0.04768 -3.18842e-01 | 12  0.13554 -3.14006e-01
 13  0.13929 -3.11986e-01 | 14 -0.00167 -3.21471e-01 | 15  0.06953 -3.18359e-01
 16  0.01495 -3.20010e-01 | 17  0.05485 -3.19217e-01 | 18 -0.00401 -3.20424e-01
 19 -0.10620 -3.19502e-01 | 20 -0.05656 -3.18611e-01 | 21 -0.00915 -3.20764e-01
 22 -0.09229 -3.16477e-01 | 23  0.01998 -3.18412e-01 | 24  0.00597 -3.17980e-01
 25 -0.12218 -3.15144e-01 | 26 -0.02481 -3.19398e-01 | 27 -0.21502 -3.03236e-01
 28 -0.01640 -3.20615e-01 | 29 -0.25638 -2.93251e-01 | 30 -0.10201 -3.14900e-01
 31 -0.25236 -2.95511e-01 | 32 -0.04938 -1.52606e-01 | 33 -0.05139 -1.52114e-01
 34 -0.00425 -1.52690e-01 | 35 -0.00121 -1.53055e-01 | 36  0.05864 -1.52852e-01
 37  0.04931 -1.51881e-01 | 38  0.03106 -1.53222e-01 | 39  0.09582 -1.52218e-01
 40  0.04341 -1.53470e-01 | 41  0.04290 -1.54266e-01 | 42  0.05267 -1.52332e-01
 43  0.02604 -1.52840e-01 | 44  0.05688 -1.51466e-01 | 45  0.08845 -1.51162e-01
 46  0.07130 -1.53557e-01 | 47  0.08751 -1.52243e-01 | 48  0.05519 -1.53404e-01
 49 -0.03710 -1.52278e-01 | 50 -0.03612 -1.53338e-01 | 51 -0.00038 -1.52642e-01
 52 -0.02808 -1.54170e-01 | 53 -0.00776 -1.53844e-01 | 54 -0.03678 -1.54083e-01
 55 -0.00689 -1.55503e-01 | 56 -0.02710 -1.54345e-01 | 57 -0.02452 -1.56055e-01
 58 -0.10286 -1.52147e-01 | 59 -0.12451 -1.50950e-01 | 60 -0.13190 -1.50843e-01
 61 -0.09012 -1.52971e-01 | 62  0.02557 -5.82334e-04 | 63  0.21497  5.74519e-04
 64 -0.79476  2.55698e-04 | 65 -0.24486  6.15838e-04 | 66  0.38696  4.12665e-04
 67  3.28087 -1.06725e-04 | 68  1.42696 -6.05947e-05 | 69  3.38204 -9.72269e-05
 70  2.04008 -1.30398e-04 | 71  1.13904 -3.74724e-05 | 72 -0.07949 -3.70443e-07
 73  0.37358 -3.92979e-06 | 74 -2.07385  4.10278e-06 | 75 -1.98180  6.48565e-06
 76 -3.01142  3.18247e-06 |
76 variables; iteration 130; function evaluation 157
Function value   5.0503142e+03; maximum gradient component mag   2.9260e-04
Var   Value    Gradient   |Var   Value    Gradient   |Var   Value    Gradient   
  1  2.23321 -3.96171e-07 |  2 -0.51161 -3.85004e-07 |  3  0.10202  2.88577e-04
  4  0.07964  2.90407e-04 |  5  0.21219  2.75886e-04 |  6  0.08623  2.89352e-04
  7  0.01914  2.91802e-04 |  8  0.13738  2.85627e-04 |  9 -0.06727  2.91786e-04
 10  0.19347  2.77291e-04 | 11  0.04768  2.90154e-04 | 12  0.13554  2.85231e-04
 13  0.13929  2.83094e-04 | 14 -0.00167  2.91803e-04 | 15  0.06953  2.91443e-04
 16  0.01495  2.91646e-04 | 17  0.05485  2.90570e-04 | 18 -0.00401  2.92596e-04
 19 -0.10620  2.87319e-04 | 20 -0.05656  2.91379e-04 | 21 -0.00915  2.91733e-04
 22 -0.09229  2.88369e-04 | 23  0.01998  2.90635e-04 | 24  0.00597  2.88947e-04
 25 -0.12218  2.85305e-04 | 26 -0.02481  2.91117e-04 | 27 -0.21502  2.75999e-04
 28 -0.01640  2.91430e-04 | 29 -0.25638  2.68865e-04 | 30 -0.10201  2.88221e-04
 31 -0.25236  2.69103e-04 | 32 -0.04938  2.21113e-04 | 33 -0.05139  2.20083e-04
 34 -0.00425  2.20871e-04 | 35 -0.00121  2.21531e-04 | 36  0.05864  2.20262e-04
 37  0.04931  2.21349e-04 | 38  0.03106  2.20865e-04 | 39  0.09582  2.18286e-04
 40  0.04341  2.21194e-04 | 41  0.04290  2.21846e-04 | 42  0.05267  2.22410e-04
 43  0.02604  2.20325e-04 | 44  0.05688  2.21510e-04 | 45  0.08845  2.19796e-04
 46  0.07130  2.19441e-04 | 47  0.08751  2.21107e-04 | 48  0.05519  2.20297e-04
 49 -0.03710  2.22104e-04 | 50 -0.03612  2.20546e-04 | 51 -0.00038  2.22601e-04
 52 -0.02808  2.20350e-04 | 53 -0.00776  2.22374e-04 | 54 -0.03678  2.21176e-04
 55 -0.00689  2.22226e-04 | 56 -0.02710  2.24027e-04 | 57 -0.02452  2.21198e-04
 58 -0.10286  2.18643e-04 | 59 -0.12451  2.18799e-04 | 60 -0.13190  2.19178e-04
 61 -0.09012  2.19991e-04 | 62  0.02557  8.58923e-07 | 63  0.21497 -6.65198e-07
 64 -0.79476 -1.65789e-07 | 65 -0.24486 -8.02028e-07 | 66  0.38696  1.53130e-07
 67  3.28087 -1.31944e-08 | 68  1.42696 -6.76134e-08 | 69  3.38204 -3.07176e-07
 70  2.04008 -1.74434e-07 | 71  1.13905 -7.97159e-08 | 72 -0.07949 -1.69959e-08
 73  0.37357 -4.15160e-08 | 74 -2.07385 -2.27037e-09 | 75 -1.98181 -8.09927e-09
 76 -3.01143 -5.60527e-09 |
Estimating row 1 out of 76 for hessian
Estimating row 2 out of 76 for hessian
Estimating row 3 out of 76 for hessian
Estimating row 4 out of 76 for hessian
Estimating row 5 out of 76 for hessian
Estimating row 6 out of 76 for hessian
Estimating row 7 out of 76 for hessian
Estimating row 8 out of 76 for hessian
Estimating row 9 out of 76 for hessian
Estimating row 10 out of 76 for hessian
Estimating row 11 out of 76 for hessian
Estimating row 12 out of 76 for hessian
Estimating row 13 out of 76 for hessian
Estimating row 14 out of 76 for hessian
Estimating row 15 out of 76 for hessian
Estimating row 16 out of 76 for hessian
Estimating row 17 out of 76 for hessian
Estimating row 18 out of 76 for hessian
Estimating row 19 out of 76 for hessian
Estimating row 20 out of 76 for hessian
Estimating row 21 out of 76 for hessian
Estimating row 22 out of 76 for hessian
Estimating row 23 out of 76 for hessian
Estimating row 24 out of 76 for hessian
Estimating row 25 out of 76 for hessian
Estimating row 26 out of 76 for hessian
Estimating row 27 out of 76 for hessian
Estimating row 28 out of 76 for hessian
Estimating row 29 out of 76 for hessian
Estimating row 30 out of 76 for hessian
Estimating row 31 out of 76 for hessian
Estimating row 32 out of 76 for hessian
Estimating row 33 out of 76 for hessian
Estimating row 34 out of 76 for hessian
Estimating row 35 out of 76 for hessian
Estimating row 36 out of 76 for hessian
Estimating row 37 out of 76 for hessian
Estimating row 38 out of 76 for hessian
Estimating row 39 out of 76 for hessian
Estimating row 40 out of 76 for hessian
Estimating row 41 out of 76 for hessian
Estimating row 42 out of 76 for hessian
Estimating row 43 out of 76 for hessian
Estimating row 44 out of 76 for hessian
Estimating row 45 out of 76 for hessian
Estimating row 46 out of 76 for hessian
Estimating row 47 out of 76 for hessian
Estimating row 48 out of 76 for hessian
Estimating row 49 out of 76 for hessian
Estimating row 50 out of 76 for hessian
Estimating row 51 out of 76 for hessian
Estimating row 52 out of 76 for hessian
Estimating row 53 out of 76 for hessian
Estimating row 54 out of 76 for hessian
Estimating row 55 out of 76 for hessian
Estimating row 56 out of 76 for hessian
Estimating row 57 out of 76 for hessian
Estimating row 58 out of 76 for hessian
Estimating row 59 out of 76 for hessian
Estimating row 60 out of 76 for hessian
Estimating row 61 out of 76 for hessian
Estimating row 62 out of 76 for hessian
Estimating row 63 out of 76 for hessian
Estimating row 64 out of 76 for hessian
Estimating row 65 out of 76 for hessian
Estimating row 66 out of 76 for hessian
Estimating row 67 out of 76 for hessian
Estimating row 68 out of 76 for hessian
Estimating row 69 out of 76 for hessian
Estimating row 70 out of 76 for hessian
Estimating row 71 out of 76 for hessian
Estimating row 72 out of 76 for hessian
Estimating row 73 out of 76 for hessian
Estimating row 74 out of 76 for hessian
Estimating row 75 out of 76 for hessian
Estimating row 76 out of 76 for hessian

ofv
5050.31
nf
675
ofvsp
 5050.31421
ofv_ideal
737.1483179
ofvsp_ideal
 737.1483179
TotC.Res
 27.2422456
TotFIC.ResA
 0 464.1194091
TotFIC.ResB
 0 463.6122844
CAA.proportions
 2390.736932
FIC.proportions
 0 2168.215623
CAA.proportions.revised
 96.65983289
FIC.prop.revised
 0 149.1268303
tYpen:  5.299767859e-10  tRpen:  0   Devs:  5.449296463e-16
Last nf with Bpen
 0
# of nf's with Bpen:  0


Tool completed successfully
