# Number of parameters = 70  Objective function value = 4552.94  Maximum gradient component = 5.98966e-06
# aAge1:
 2.80653
# aFt:
 0.0758922
# dAge1:
 -0.164741 -0.175383 0.399678 -0.147201 -0.0813686 -0.342792 0.390147 0.644734 0.0686248 0.0498870 0.325007 -0.216344 -0.111092 0.356172 0.440429 -0.325903 0.0845645 0.139317 0.0776126 0.244251 0.290332 0.304213 0.216671 -0.222415 -0.409454 -0.681098 -0.261835 -0.350791 -0.541223
# dFt:
 0.0750189 -0.0822946 -0.196968 -0.0854018 -0.0278651 -0.0629240 0.277457 0.393054 0.335593 -0.109732 -0.286585 -0.189193 -0.107036 -0.0575059 -0.00965970 0.269219 0.235308 0.231544 0.356101 0.491952 0.645727 0.705842 0.509393 0.545922 -0.0417001 -0.148067 -0.258012 -0.595741 -1.29325 -1.52020
# FICsel:
 0.275439
# agesel:
 0.0678389 0.471977
# Yr1:
 2.38423 1.86022 1.87290 2.20478 1.90752 0.530935
