
between_phases_section, moving to phase: 1


Initial statistics: 2 variables; iteration 0; function evaluation 0
Function value   4.7073341e+03; maximum gradient component mag   1.9333e+03
Var   Value    Gradient   |Var   Value    Gradient   |Var   Value    Gradient   
  1  2.94854  1.93335e+03 |  2  0.06952 -7.14374e+02 |

 - final statistics:
2 variables; iteration 6; function evaluation 11
Function value   4.5695e+03; maximum gradient component mag  -5.6857e-05
Exit code = 1;  converg criter   1.0000e-03
Var   Value    Gradient   |Var   Value    Gradient   |Var   Value    Gradient   
  1  2.80568 -5.68573e-05 |  2  0.06913  1.03576e-05 |

between_phases_section, moving to phase: 2


Initial statistics: 8 variables; iteration 0; function evaluation 0
Function value   4.5694816e+03; maximum gradient component mag   5.3647e+01
Var   Value    Gradient   |Var   Value    Gradient   |Var   Value    Gradient   
  1  2.80568 -5.68573e-05 |  2  0.06913  1.03576e-05 |  3  2.52506  4.92834e+01
  4  2.00467  3.29798e+01 |  5  2.01641  3.14863e+01 |  6  2.34610  5.36468e+01
  7  2.04898  3.98670e+01 |  8  0.67180  1.22751e+01 |

Species: 1  B penalty = 1.78143e-11  tBpen =  17814.3  nBpen = 1

Intermediate statistics: 8 variables; iteration 10; function evaluation 16
Function value   4.5544090e+03; maximum gradient component mag   1.6417e+00
Var   Value    Gradient   |Var   Value    Gradient   |Var   Value    Gradient   
  1  2.80568 -6.09860e-01 |  2  0.07096 -2.67449e-01 |  3  2.39982  1.28458e+00
  4  1.86985  7.99828e-01 |  5  1.88452  1.00878e+00 |  6  2.21683  1.64169e+00
  7  1.89900  6.35487e-01 |  8  0.51674  2.45084e-01 |

 - final statistics:
8 variables; iteration 14; function evaluation 20
Function value   4.5544e+03; maximum gradient component mag   9.0418e-05
Exit code = 1;  converg criter   1.0000e-04
Var   Value    Gradient   |Var   Value    Gradient   |Var   Value    Gradient   
  1  2.80579 -9.20826e-06 |  2  0.07119 -2.89279e-05 |  3  2.39618 -4.80806e-06
  4  1.86706  2.78416e-05 |  5  1.87481 -7.71694e-05 |  6  2.20524 -5.68024e-05
  7  1.90850  9.04179e-05 |  8  0.51943 -4.89380e-05 |

between_phases_section, moving to phase: 3


Initial statistics: 67 variables; iteration 0; function evaluation 0
Function value   4.5543945e+03; maximum gradient component mag   1.6145e+02
Var   Value    Gradient   |Var   Value    Gradient   |Var   Value    Gradient   
  1  2.80579 -9.20826e-06 |  2  0.07119 -2.89279e-05 |  3 -0.02172 -2.52764e+01
  4 -0.02316 -6.68166e+00 |  5  0.05139  5.64932e+00 |  6 -0.01864 -6.82860e+00
  7 -0.01057 -5.07993e+00 |  8 -0.04344  2.34462e+00 |  9  0.05001  9.84797e+00
 10  0.08287 -6.77070e+00 | 11  0.00853 -2.23696e+01 | 12  0.00586 -1.41451e+01
 13  0.04101 -1.37997e+01 | 14 -0.02799  3.45753e+00 | 15 -0.01400  1.79380e+01
 16  0.04594  3.54002e+01 | 17  0.05730  3.52642e+01 | 18 -0.04069  1.30942e+01
 19  0.01187  2.63838e+01 | 20  0.01924  8.36050e+00 | 21  0.01015  4.78237e+00
 22  0.03199 -8.77019e+00 | 23  0.03657 -1.41000e+01 | 24  0.03989 -1.30560e+01
 25  0.02753 -6.00198e+01 | 26 -0.03031 -1.47794e+01 | 27 -0.05433  1.07823e+01
 28 -0.08799  2.70056e+01 | 29 -0.03372  1.55464e+01 | 30 -0.04487 -1.69615e-01
 31 -0.06878  1.34631e-01 | 32  0.01082  2.89961e+01 | 33 -0.00982  2.13196e+01
 34 -0.02509  6.56963e+00 | 35 -0.01196 -4.12683e+01 | 36 -0.00232  3.23968e+01
 37 -0.00678  2.88924e+01 | 38  0.03487 -2.38247e+01 | 39  0.05091  1.49424e+01
 40  0.04269 -8.89644e+00 | 41 -0.01147  7.62284e+01 | 42 -0.03664 -3.36365e-01
 43 -0.02472 -1.46111e+01 | 44 -0.01292  2.31219e+01 | 45 -0.00899 -5.88545e+01
 46 -0.00061  3.73459e+00 | 47  0.03400 -3.69602e+01 | 48  0.03144  1.55604e+01
 49  0.03001 -2.30775e+01 | 50  0.04630 -7.64764e+00 | 51  0.06501  5.28410e+01
 52  0.08201 -3.43563e+01 | 53  0.09237  7.42216e+01 | 54  0.06302 -6.48593e+01
 55  0.07194  1.07680e+02 | 56 -0.00480  5.53271e+01 | 57 -0.02253 -5.71914e+01
 58 -0.03582 -4.69715e+01 | 59 -0.08196 -1.12372e+02 | 60 -0.16371  1.61450e+02
 61 -0.19946 -1.78455e+01 | 62  2.39618 -4.80806e-06 | 63  1.86706  2.78416e-05
 64  1.87481 -7.71694e-05 | 65  2.20524 -5.68024e-05 | 66  1.90850  9.04179e-05
 67  0.51943 -4.89380e-05 |

Intermediate statistics: 67 variables; iteration 10; function evaluation 18
Function value   4.5538760e+03; maximum gradient component mag  -5.8233e+02
Var   Value    Gradient   |Var   Value    Gradient   |Var   Value    Gradient   
  1  2.80651  3.48169e+00 |  2  0.07200 -1.69383e+00 |  3 -0.02159  3.04215e+02
  4 -0.02225  3.21469e+02 |  5  0.05108  3.27310e+02 |  6 -0.01896  3.16873e+02
  7 -0.01050  3.20734e+02 |  8 -0.04362  3.24925e+02 |  9  0.05000  3.31360e+02
 10  0.08233  3.11174e+02 | 11  0.00821  3.03198e+02 | 12  0.00607  3.12729e+02
 13  0.04103  3.12222e+02 | 14 -0.02740  3.29924e+02 | 15 -0.01376  3.41237e+02
 16  0.04598  3.55830e+02 | 17  0.05664  3.53182e+02 | 18 -0.04125  3.35260e+02
 19  0.01124  3.47084e+02 | 20  0.01768  3.25963e+02 | 21  0.01006  3.28180e+02
 22  0.03087  3.07149e+02 | 23  0.03687  3.06691e+02 | 24  0.03894  2.98518e+02
 25  0.02673  2.65090e+02 | 26 -0.02846  3.22830e+02 | 27 -0.05229  3.48406e+02
 28 -0.08648  3.54664e+02 | 29 -0.03333  3.41767e+02 | 30 -0.04496  3.23419e+02
 31 -0.06894  3.21689e+02 | 32  0.01075 -4.73396e+02 | 33 -0.00967 -4.77284e+02
 34 -0.02484 -4.89174e+02 | 35 -0.01177 -5.30489e+02 | 36 -0.00281 -4.72003e+02
 37 -0.00719 -4.75432e+02 | 38  0.03485 -5.15270e+02 | 39  0.05046 -4.85578e+02
 40  0.04234 -5.04415e+02 | 41 -0.01219 -4.37414e+02 | 42 -0.03651 -4.94460e+02
 43 -0.02439 -5.06213e+02 | 44 -0.01291 -4.78466e+02 | 45 -0.00850 -5.43380e+02
 46 -0.00090 -4.96338e+02 | 47  0.03363 -5.30282e+02 | 48  0.03056 -4.89014e+02
 49  0.02911 -5.19567e+02 | 50  0.04502 -5.05965e+02 | 51  0.06379 -4.53260e+02
 52  0.08161 -5.21012e+02 | 53  0.09184 -4.23780e+02 | 54  0.06330 -5.43638e+02
 55  0.07151 -3.98845e+02 | 56 -0.00433 -4.55132e+02 | 57 -0.02061 -5.45626e+02
 58 -0.03435 -5.46519e+02 | 59 -0.07969 -5.82326e+02 | 60 -0.16384 -3.53126e+02
 61 -0.19843 -4.78534e+02 | 62  2.39527  1.81197e-01 | 63  1.86676  7.11126e-02
 64  1.87462  6.96601e-02 | 65  2.20492  1.49365e-01 | 66  1.90826  1.11689e-01
 67  0.51939  2.69814e-02 |
67 variables; iteration 20; function evaluation 29
Function value   4.5538645e+03; maximum gradient component mag  -4.1582e+02
Var   Value    Gradient   |Var   Value    Gradient   |Var   Value    Gradient   
  1  2.80727  6.73674e+00 |  2  0.07487 -3.88515e-01 |  3 -0.02160  3.08033e+02
  4 -0.02223  3.27296e+02 |  5  0.05109  3.35163e+02 |  6 -0.01894  3.21872e+02
  7 -0.01061  3.22672e+02 |  8 -0.04366  3.26868e+02 |  9  0.04985  3.31610e+02
 10  0.08206  3.11811e+02 | 11  0.00818  3.06960e+02 | 12  0.00606  3.17544e+02
 13  0.04102  3.17591e+02 | 14 -0.02748  3.34694e+02 | 15 -0.01382  3.45997e+02
 16  0.04601  3.61085e+02 | 17  0.05685  3.61511e+02 | 18 -0.04104  3.41070e+02
 19  0.01132  3.50858e+02 | 20  0.01778  3.29110e+02 | 21  0.01021  3.36884e+02
 22  0.03113  3.19988e+02 | 23  0.03681  3.15063e+02 | 24  0.03894  3.04390e+02
 25  0.02668  2.71405e+02 | 26 -0.02842  3.26909e+02 | 27 -0.05212  3.51930e+02
 28 -0.08653  3.57278e+02 | 29 -0.03329  3.44334e+02 | 30 -0.04498  3.27108e+02
 31 -0.06931  3.25403e+02 | 32  0.01048 -3.04826e+02 | 33 -0.00994 -3.17162e+02
 34 -0.02500 -3.28711e+02 | 35 -0.01201 -3.71740e+02 | 36 -0.00295 -3.08738e+02
 37 -0.00728 -3.10238e+02 | 38  0.03474 -3.49799e+02 | 39  0.05032 -3.22489e+02
 40  0.04199 -3.45643e+02 | 41 -0.01233 -2.73346e+02 | 42 -0.03669 -3.33716e+02
 43 -0.02463 -3.46613e+02 | 44 -0.01307 -3.15799e+02 | 45 -0.00872 -3.83242e+02
 46 -0.00095 -3.31987e+02 | 47  0.03357 -3.70640e+02 | 48  0.03041 -3.31988e+02
 49  0.02913 -3.56494e+02 | 50  0.04513 -3.40547e+02 | 51  0.06376 -2.92368e+02
 52  0.08129 -3.71197e+02 | 53  0.09166 -2.65989e+02 | 54  0.06314 -3.81335e+02
 55  0.07148 -2.35905e+02 | 56 -0.00442 -2.97390e+02 | 57 -0.02021 -3.79802e+02
 58 -0.03386 -3.86371e+02 | 59 -0.07860 -4.15821e+02 | 60 -0.16292 -1.97012e+02
 61 -0.19762 -3.25167e+02 | 62  2.39126 -5.27569e-01 | 63  1.86540 -2.17930e-01
 64  1.87381 -1.50675e-01 | 65  2.20362 -2.67292e-01 | 66  1.90730 -1.84418e-01
 67  0.51924 -5.23052e-02 |
67 variables; iteration 30; function evaluation 39
Function value   4.5538362e+03; maximum gradient component mag  -4.4720e+02
Var   Value    Gradient   |Var   Value    Gradient   |Var   Value    Gradient   
  1  2.80684  6.24937e+00 |  2  0.07371 -2.02205e+00 |  3 -0.02126  2.91539e+02
  4 -0.02280  3.09052e+02 |  5  0.05139  3.21534e+02 |  6 -0.01903  3.07928e+02
  7 -0.01040  3.13105e+02 |  8 -0.04362  3.15531e+02 |  9  0.05003  3.21952e+02
 10  0.08209  2.97884e+02 | 11  0.00814  2.91063e+02 | 12  0.00604  3.01225e+02
 13  0.04108  3.00736e+02 | 14 -0.02748  3.18248e+02 | 15 -0.01384  3.29761e+02
 16  0.04597  3.45601e+02 | 17  0.05672  3.46820e+02 | 18 -0.04134  3.24864e+02
 19  0.01114  3.34856e+02 | 20  0.01769  3.17296e+02 | 21  0.01025  3.26266e+02
 22  0.03108  3.05296e+02 | 23  0.03684  2.97918e+02 | 24  0.03888  2.88959e+02
 25  0.02688  2.59801e+02 | 26 -0.02841  3.13037e+02 | 27 -0.05231  3.35589e+02
 28 -0.08655  3.41539e+02 | 29 -0.03327  3.28898e+02 | 30 -0.04530  3.11030e+02
 31 -0.06868  3.11652e+02 | 32  0.01041 -3.32534e+02 | 33 -0.01002 -3.52506e+02
 34 -0.02495 -3.64533e+02 | 35 -0.01193 -4.07957e+02 | 36 -0.00277 -3.43907e+02
 37 -0.00733 -3.49888e+02 | 38  0.03471 -3.89919e+02 | 39  0.05037 -3.57784e+02
 40  0.04211 -3.78677e+02 | 41 -0.01224 -3.07150e+02 | 42 -0.03654 -3.66401e+02
 43 -0.02447 -3.79534e+02 | 44 -0.01293 -3.48391e+02 | 45 -0.00865 -4.16354e+02
 46 -0.00095 -3.67263e+02 | 47  0.03345 -4.07136e+02 | 48  0.03028 -3.68527e+02
 49  0.02912 -3.86886e+02 | 50  0.04497 -3.77737e+02 | 51  0.06355 -3.34732e+02
 52  0.08131 -4.06216e+02 | 53  0.09185 -2.95358e+02 | 54  0.06327 -4.14741e+02
 55  0.07151 -2.73907e+02 | 56 -0.00439 -3.33443e+02 | 57 -0.02028 -4.14776e+02
 58 -0.03392 -4.18103e+02 | 59 -0.07871 -4.47200e+02 | 60 -0.16320 -2.33820e+02
 61 -0.19775 -3.59203e+02 | 62  2.38213 -2.00875e+00 | 63  1.86213 -6.75433e-01
 64  1.87348 -4.12800e-01 | 65  2.20414 -7.51217e-01 | 66  1.90753 -5.47015e-01
 67  0.52014 -1.57019e-01 |
67 variables; iteration 40; function evaluation 49
Function value   4.5536785e+03; maximum gradient component mag   5.1036e+02
Var   Value    Gradient   |Var   Value    Gradient   |Var   Value    Gradient   
  1  2.80568  7.69182e+00 |  2  0.07354 -4.39841e+00 |  3 -0.02141  4.52318e+02
  4 -0.02297  4.70898e+02 |  5  0.05137  4.86608e+02 |  6 -0.01874  4.73957e+02
  7 -0.01040  4.75982e+02 |  8 -0.04323  4.84034e+02 |  9  0.05047  4.94487e+02
 10  0.08212  4.61450e+02 | 11  0.00843  4.56555e+02 | 12  0.00652  4.66869e+02
 13  0.04124  4.67847e+02 | 14 -0.02693  4.86367e+02 | 15 -0.01348  4.95459e+02
 16  0.04607  5.10356e+02 | 17  0.05687  5.07072e+02 | 18 -0.04171  4.86407e+02
 19  0.01146  5.01799e+02 | 20  0.01850  4.85065e+02 | 21  0.01004  4.88646e+02
 22  0.03066  4.71015e+02 | 23  0.03649  4.61471e+02 | 24  0.03930  4.56067e+02
 25  0.02684  4.31339e+02 | 26 -0.02822  4.80619e+02 | 27 -0.05190  4.98350e+02
 28 -0.08659  4.97935e+02 | 29 -0.03338  4.87600e+02 | 30 -0.04460  4.76649e+02
 31 -0.07288  4.69954e+02 | 32  0.00984 -2.61111e+02 | 33 -0.01014 -2.58482e+02
 34 -0.02544 -2.88459e+02 | 35 -0.01216 -3.27447e+02 | 36 -0.00314 -2.73325e+02
 37 -0.00678 -2.55177e+02 | 38  0.03468 -3.13896e+02 | 39  0.05040 -2.83032e+02
 40  0.04255 -2.87781e+02 | 41 -0.01214 -2.27789e+02 | 42 -0.03600 -2.76570e+02
 43 -0.02428 -2.98265e+02 | 44 -0.01301 -2.74441e+02 | 45 -0.00826 -3.27620e+02
 46 -0.00102 -2.88244e+02 | 47  0.03343 -3.25353e+02 | 48  0.03060 -2.74203e+02
 49  0.02885 -3.17469e+02 | 50  0.04540 -2.89144e+02 | 51  0.06345 -2.54049e+02
 52  0.08072 -3.26431e+02 | 53  0.09101 -2.28998e+02 | 54  0.06362 -3.19866e+02
 55  0.07128 -2.03836e+02 | 56 -0.00483 -2.64845e+02 | 57 -0.02013 -3.31042e+02
 58 -0.03347 -3.22848e+02 | 59 -0.07810 -3.49152e+02 | 60 -0.16356 -1.72935e+02
 61 -0.19748 -2.82126e+02 | 62  2.37693 -2.28590e+00 | 63  1.85131 -7.69795e-01
 64  1.87385  1.07815e-01 | 65  2.21305  4.08991e-01 | 66  1.91388  2.46537e-01
 67  0.52842  7.89250e-02 |
67 variables; iteration 50; function evaluation 62
Function value   4.5531872e+03; maximum gradient component mag   1.7966e+02
Var   Value    Gradient   |Var   Value    Gradient   |Var   Value    Gradient   
  1  2.80656  5.36710e+00 |  2  0.07417 -1.56613e+00 |  3 -0.02230  1.35813e+02
  4 -0.02198  1.64720e+02 |  5  0.05183  1.79663e+02 |  6 -0.01965  1.58224e+02
  7 -0.01030  1.63193e+02 |  8 -0.04340  1.67465e+02 |  9  0.05029  1.73993e+02
 10  0.08191  1.56503e+02 | 11  0.00965  1.67793e+02 | 12  0.00652  1.62556e+02
 13  0.04144  1.60037e+02 | 14 -0.02751  1.69695e+02 | 15 -0.01394  1.75016e+02
 16  0.04556  1.71495e+02 | 17  0.05648  1.75526e+02 | 18 -0.04193  1.65275e+02
 19  0.01079  1.71839e+02 | 20  0.01775  1.68663e+02 | 21  0.00990  1.67156e+02
 22  0.03139  1.65000e+02 | 23  0.03707  1.60164e+02 | 24  0.03951  1.59767e+02
 25  0.02660  1.42372e+02 | 26 -0.02937  1.57603e+02 | 27 -0.05222  1.70891e+02
 28 -0.08613  1.77245e+02 | 29 -0.03194  1.79617e+02 | 30 -0.04532  1.62694e+02
 31 -0.07078  1.61029e+02 | 32  0.00979  1.02860e+01 | 33 -0.00957  5.92246e+01
 34 -0.02555 -8.41837e+00 | 35 -0.01120 -1.36036e+01 | 36 -0.00322  2.39196e+01
 37 -0.00752  2.59291e+01 | 38  0.03538  5.27981e+00 | 39  0.05044  1.14939e+01
 40  0.04300  1.84857e+01 | 41 -0.01313  3.19789e+01 | 42 -0.03627  8.83176e+00
 43 -0.02350  2.62964e+01 | 44 -0.01365  9.65305e+00 | 45 -0.00824 -1.97935e+01
 46 -0.00089  2.14112e+01 | 47  0.03434  1.35751e+01 | 48  0.02952 -2.73050e+00
 49  0.02948  1.62648e+01 | 50  0.04476 -2.32311e+00 | 51  0.06300  2.60672e+01
 52  0.08220  1.63933e+00 | 53  0.09067  2.81345e+01 | 54  0.06484  9.06863e+00
 55  0.06959  3.21338e+01 | 56 -0.00589  1.77398e+01 | 57 -0.01967 -4.39296e+00
 58 -0.03312 -7.87600e-01 | 59 -0.07654 -5.48780e+00 | 60 -0.16574  4.67358e+01
 61 -0.19754  4.57360e+00 | 62  2.37511 -2.28955e+00 | 63  1.89956  2.42816e+00
 64  1.86924  4.70508e-02 | 65  2.19632 -3.51115e-02 | 66  1.90361  1.25246e-01
 67  0.55253  1.73043e-01 |
67 variables; iteration 60; function evaluation 79
Function value   4.5530998e+03; maximum gradient component mag   1.2528e+02
Var   Value    Gradient   |Var   Value    Gradient   |Var   Value    Gradient   
  1  2.80643  3.74396e+00 |  2  0.07411 -2.31829e+00 |  3 -0.02198  9.02001e+01
  4 -0.02200  1.13248e+02 |  5  0.05168  1.25283e+02 |  6 -0.01944  1.08137e+02
  7 -0.01043  1.10909e+02 |  8 -0.04345  1.15265e+02 |  9  0.05027  1.21196e+02
 10  0.08194  1.06435e+02 | 11  0.00965  1.16910e+02 | 12  0.00648  1.11677e+02
 13  0.04134  1.09166e+02 | 14 -0.02744  1.17108e+02 | 15 -0.01425  1.19783e+02
 16  0.04597  1.21011e+02 | 17  0.05645  1.21262e+02 | 18 -0.04170  1.13961e+02
 19  0.01090  1.19070e+02 | 20  0.01744  1.14511e+02 | 21  0.01072  1.19204e+02
 22  0.03098  1.11584e+02 | 23  0.03685  1.08111e+02 | 24  0.03905  1.07252e+02
 25  0.02680  9.49631e+01 | 26 -0.02925  1.06489e+02 | 27 -0.05248  1.16242e+02
 28 -0.08640  1.22120e+02 | 29 -0.03224  1.23975e+02 | 30 -0.04513  1.11531e+02
 31 -0.07043  1.10214e+02 | 32  0.00987  3.34360e+01 | 33 -0.00971  7.20658e+01
 34 -0.02541  1.86837e+01 | 35 -0.01111  1.49162e+01 | 36 -0.00332  4.41946e+01
 37 -0.00765  4.59916e+01 | 38  0.03537  2.96792e+01 | 39  0.05044  3.52405e+01
 40  0.04293  4.01389e+01 | 41 -0.01331  5.09081e+01 | 42 -0.03630  3.27984e+01
 43 -0.02370  4.49785e+01 | 44 -0.01364  3.31444e+01 | 45 -0.00791  1.21135e+01
 46 -0.00086  4.07236e+01 | 47  0.03459  3.92536e+01 | 48  0.02964  2.29700e+01
 49  0.02957  3.89571e+01 | 50  0.04486  2.34715e+01 | 51  0.06302  4.61681e+01
 52  0.08224  2.70777e+01 | 53  0.09006  4.41936e+01 | 54  0.06456  3.12463e+01
 55  0.06935  4.81316e+01 | 56 -0.00578  4.18411e+01 | 57 -0.01963  2.07271e+01
 58 -0.03316  2.29558e+01 | 59 -0.07623  2.52667e+01 | 60 -0.16576  6.23649e+01
 61 -0.19720  2.74347e+01 | 62  2.37755 -1.80899e+00 | 63  1.89160  1.86273e+00
 64  1.87980  3.20772e-01 | 65  2.20318  4.88413e-02 | 66  1.89777 -2.00519e-01
 67  0.51963 -4.41254e-02 |
67 variables; iteration 70; function evaluation 98
Function value   4.5529837e+03; maximum gradient component mag   8.0569e+01
Var   Value    Gradient   |Var   Value    Gradient   |Var   Value    Gradient   
  1  2.80668  2.25602e+00 |  2  0.07420 -1.15663e+00 |  3 -0.02116  6.61882e+01
  4 -0.02215  7.44572e+01 |  5  0.05112  7.85524e+01 |  6 -0.01893  7.30475e+01
  7 -0.01040  7.33634e+01 |  8 -0.04357  7.51508e+01 |  9  0.04998  7.78628e+01
 10  0.08213  7.11148e+01 | 11  0.00912  7.60188e+01 | 12  0.00630  7.32396e+01
 13  0.04137  7.25173e+01 | 14 -0.02776  7.47537e+01 | 15 -0.01396  7.85721e+01
 16  0.04578  7.86718e+01 | 17  0.05623  7.75095e+01 | 18 -0.04148  7.53302e+01
 19  0.01034  7.38782e+01 | 20  0.01794  7.70107e+01 | 21  0.01039  7.77676e+01
 22  0.03088  7.22821e+01 | 23  0.03711  7.31634e+01 | 24  0.03878  7.08414e+01
 25  0.02756  6.84474e+01 | 26 -0.02937  6.77307e+01 | 27 -0.05215  7.69089e+01
 28 -0.08638  8.05691e+01 | 29 -0.03298  7.86606e+01 | 30 -0.04506  7.31601e+01
 31 -0.06973  7.27737e+01 | 32  0.00987  4.55423e+01 | 33 -0.00995  6.25754e+01
 34 -0.02516  3.87733e+01 | 35 -0.01102  3.65880e+01 | 36 -0.00349  4.96375e+01
 37 -0.00780  5.07129e+01 | 38  0.03537  4.34116e+01 | 39  0.05023  4.55755e+01
 40  0.04272  4.77571e+01 | 41 -0.01377  5.23887e+01 | 42 -0.03645  4.45085e+01
 43 -0.02394  4.98624e+01 | 44 -0.01363  4.50182e+01 | 45 -0.00746  3.64490e+01
 46 -0.00095  4.90156e+01 | 47  0.03442  4.78335e+01 | 48  0.02977  4.03290e+01
 49  0.02946  4.68466e+01 | 50  0.04515  4.07145e+01 | 51  0.06299  5.15185e+01
 52  0.08230  4.18866e+01 | 53  0.09009  4.95191e+01 | 54  0.06478  4.43152e+01
 55  0.06948  5.15425e+01 | 56 -0.00562  4.85769e+01 | 57 -0.01933  3.90110e+01
 58 -0.03293  4.13090e+01 | 59 -0.07613  4.17716e+01 | 60 -0.16626  5.65561e+01
 61 -0.19689  4.09754e+01 | 62  2.38170 -7.64911e-01 | 63  1.87363  7.77252e-01
 64  1.87830  2.80858e-01 | 65  2.19415 -2.29124e-01 | 66  1.91585  3.17049e-01
 67  0.52301  1.53334e-02 |
  ic > imax  in fminim is answer attained ?
Var   Value    Gradient   |Var   Value    Gradient   |Var   Value    Gradient   
  1  2.80671 -8.22331e-07 |  2  0.07431  8.42368e-07 |  3 -0.02095 -2.88488e-04
  4 -0.02224 -2.89346e-04 |  5  0.05097 -2.89535e-04 |  6 -0.01878 -2.87193e-04
  7 -0.01035 -2.89600e-04 |  8 -0.04363 -2.88028e-04 |  9  0.04976 -2.87337e-04
 10  0.08232 -2.87551e-04 | 11  0.00871 -2.90131e-04 | 12  0.00633 -2.89141e-04
 13  0.04141 -2.88046e-04 | 14 -0.02756 -2.90254e-04 | 15 -0.01416 -2.90361e-04
 16  0.04537 -2.89636e-04 | 17  0.05615 -2.87168e-04 | 18 -0.04149 -2.89616e-04
 19  0.01079 -2.88351e-04 | 20  0.01776 -2.87648e-04 | 21  0.00993 -2.91763e-04
 22  0.03120 -2.88766e-04 | 23  0.03706 -2.87216e-04 | 24  0.03887 -2.92202e-04
 25  0.02762 -2.92331e-04 | 26 -0.02840 -2.90985e-04 | 27 -0.05228 -2.89346e-04
 28 -0.08706 -2.86812e-04 | 29 -0.03345 -2.89815e-04 | 30 -0.04486 -2.89973e-04
 31 -0.06909 -2.87607e-04 | 32  0.00979 -3.95020e-04 | 33 -0.01030 -3.98295e-04
 34 -0.02497 -4.02425e-04 | 35 -0.01077 -3.99378e-04 | 36 -0.00357 -4.00183e-04
 37 -0.00794 -4.00683e-04 | 38  0.03540 -3.97308e-04 | 39  0.05014 -3.99305e-04
 40  0.04264 -3.99062e-04 | 41 -0.01405 -4.00344e-04 | 42 -0.03647 -3.99433e-04
 43 -0.02406 -4.00292e-04 | 44 -0.01362 -3.99554e-04 | 45 -0.00726 -3.99469e-04
 46 -0.00121 -3.99830e-04 | 47  0.03424 -3.98639e-04 | 48  0.02994 -4.00059e-04
 49  0.02957 -3.97343e-04 | 50  0.04536 -3.97932e-04 | 51  0.06270 -3.97165e-04
 52  0.08244 -3.94779e-04 | 53  0.09015 -3.97330e-04 | 54  0.06493 -3.95845e-04
 55  0.06953 -3.98876e-04 | 56 -0.00546 -3.97227e-04 | 57 -0.01896 -4.01197e-04
 58 -0.03298 -4.01046e-04 | 59 -0.07615 -4.06016e-04 | 60 -0.16663 -3.75848e-04
 61 -0.19662 -3.86851e-04 | 62  2.38489 -4.06288e-07 | 63  1.86125 -5.78696e-07
 64  1.87251 -1.15411e-07 | 65  2.20411 -9.37886e-08 | 66  1.90687 -5.87273e-07
 67  0.53018 -8.90343e-08 |
Function minimizer not making progress ... is minimum attained?
Minimprove criterion =   0.0000e+00

 - final statistics:
67 variables; iteration 77; function evaluation 134
Function value   4.5529e+03; maximum gradient component mag  -4.0602e-04
Exit code = 1;  converg criter   1.0000e-04
Var   Value    Gradient   |Var   Value    Gradient   |Var   Value    Gradient   
  1  2.80671 -8.22331e-07 |  2  0.07431  8.42368e-07 |  3 -0.02095 -2.88488e-04
  4 -0.02224 -2.89346e-04 |  5  0.05097 -2.89535e-04 |  6 -0.01878 -2.87193e-04
  7 -0.01035 -2.89600e-04 |  8 -0.04363 -2.88028e-04 |  9  0.04976 -2.87337e-04
 10  0.08232 -2.87551e-04 | 11  0.00871 -2.90131e-04 | 12  0.00633 -2.89141e-04
 13  0.04141 -2.88046e-04 | 14 -0.02756 -2.90254e-04 | 15 -0.01416 -2.90361e-04
 16  0.04537 -2.89636e-04 | 17  0.05615 -2.87168e-04 | 18 -0.04149 -2.89616e-04
 19  0.01079 -2.88351e-04 | 20  0.01776 -2.87648e-04 | 21  0.00993 -2.91763e-04
 22  0.03120 -2.88766e-04 | 23  0.03706 -2.87216e-04 | 24  0.03887 -2.92202e-04
 25  0.02762 -2.92331e-04 | 26 -0.02840 -2.90985e-04 | 27 -0.05228 -2.89346e-04
 28 -0.08706 -2.86812e-04 | 29 -0.03345 -2.89815e-04 | 30 -0.04486 -2.89973e-04
 31 -0.06909 -2.87607e-04 | 32  0.00979 -3.95020e-04 | 33 -0.01030 -3.98295e-04
 34 -0.02497 -4.02425e-04 | 35 -0.01077 -3.99378e-04 | 36 -0.00357 -4.00183e-04
 37 -0.00794 -4.00683e-04 | 38  0.03540 -3.97308e-04 | 39  0.05014 -3.99305e-04
 40  0.04264 -3.99062e-04 | 41 -0.01405 -4.00344e-04 | 42 -0.03647 -3.99433e-04
 43 -0.02406 -4.00292e-04 | 44 -0.01362 -3.99554e-04 | 45 -0.00726 -3.99469e-04
 46 -0.00121 -3.99830e-04 | 47  0.03424 -3.98639e-04 | 48  0.02994 -4.00059e-04
 49  0.02957 -3.97343e-04 | 50  0.04536 -3.97932e-04 | 51  0.06270 -3.97165e-04
 52  0.08244 -3.94779e-04 | 53  0.09015 -3.97330e-04 | 54  0.06493 -3.95845e-04
 55  0.06953 -3.98876e-04 | 56 -0.00546 -3.97227e-04 | 57 -0.01896 -4.01197e-04
 58 -0.03298 -4.01046e-04 | 59 -0.07615 -4.06016e-04 | 60 -0.16663 -3.75848e-04
 61 -0.19662 -3.86851e-04 | 62  2.38489 -4.06288e-07 | 63  1.86125 -5.78696e-07
 64  1.87251 -1.15411e-07 | 65  2.20411 -9.37886e-08 | 66  1.90687 -5.87273e-07
 67  0.53018 -8.90343e-08 |

between_phases_section, moving to phase: 4


Initial statistics: 70 variables; iteration 0; function evaluation 0
Function value   4.5529481e+03; maximum gradient component mag   2.3880e+00
Var   Value    Gradient   |Var   Value    Gradient   |Var   Value    Gradient   
  1  2.80671 -8.19873e-07 |  2  0.07431  8.39907e-07 |  3 -0.02095 -2.87738e-04
  4 -0.02224 -2.88593e-04 |  5  0.05097 -2.88782e-04 |  6 -0.01878 -2.86446e-04
  7 -0.01035 -2.88846e-04 |  8 -0.04363 -2.87278e-04 |  9  0.04976 -2.86589e-04
 10  0.08232 -2.86802e-04 | 11  0.00871 -2.89376e-04 | 12  0.00633 -2.88388e-04
 13  0.04141 -2.87296e-04 | 14 -0.02756 -2.89498e-04 | 15 -0.01416 -2.89605e-04
 16  0.04537 -2.88882e-04 | 17  0.05615 -2.86421e-04 | 18 -0.04149 -2.88862e-04
 19  0.01079 -2.87601e-04 | 20  0.01776 -2.86900e-04 | 21  0.00993 -2.91003e-04
 22  0.03120 -2.88014e-04 | 23  0.03706 -2.86470e-04 | 24  0.03887 -2.91440e-04
 25  0.02762 -2.91569e-04 | 26 -0.02840 -2.90227e-04 | 27 -0.05228 -2.88593e-04
 28 -0.08706 -2.86065e-04 | 29 -0.03345 -2.89060e-04 | 30 -0.04486 -2.89218e-04
 31 -0.06909 -2.86858e-04 | 32  0.00979 -3.93605e-04 | 33 -0.01030 -3.96870e-04
 34 -0.02497 -4.00988e-04 | 35 -0.01077 -3.97950e-04 | 36 -0.00357 -3.98752e-04
 37 -0.00794 -3.99251e-04 | 38  0.03540 -3.95886e-04 | 39  0.05014 -3.97878e-04
 40  0.04264 -3.97636e-04 | 41 -0.01405 -3.98913e-04 | 42 -0.03647 -3.98005e-04
 43 -0.02406 -3.98862e-04 | 44 -0.01362 -3.98126e-04 | 45 -0.00726 -3.98041e-04
 46 -0.00121 -3.98401e-04 | 47  0.03424 -3.97214e-04 | 48  0.02994 -3.98629e-04
 49  0.02957 -3.95921e-04 | 50  0.04536 -3.96509e-04 | 51  0.06270 -3.95745e-04
 52  0.08244 -3.93367e-04 | 53  0.09015 -3.95911e-04 | 54  0.06493 -3.94429e-04
 55  0.06953 -3.97451e-04 | 56 -0.00546 -3.95805e-04 | 57 -0.01896 -3.99764e-04
 58 -0.03298 -3.99612e-04 | 59 -0.07615 -4.04570e-04 | 60 -0.16663 -3.74499e-04
 61 -0.19662 -3.85472e-04 | 62 -0.29677  3.77984e-01 | 63 -0.66380  1.67822e+00
 64 -0.03315  2.38799e+00 | 65  2.38489 -4.05091e-07 | 66  1.86125 -5.76948e-07
 67  1.87251 -1.15047e-07 | 68  2.20411 -9.34992e-08 | 69  1.90687 -5.85489e-07
 70  0.53018 -8.87596e-08 |

Intermediate statistics: 70 variables; iteration 10; function evaluation 17
Function value   4.5529458e+03; maximum gradient component mag   2.8627e+00
Var   Value    Gradient   |Var   Value    Gradient   |Var   Value    Gradient   
  1  2.80665  1.64605e+00 |  2  0.07504 -9.16125e-01 |  3 -0.02099 -1.72112e+00
  4 -0.02231 -1.23163e+00 |  5  0.05095 -1.46186e+00 |  6 -0.01878 -1.05494e+00
  7 -0.01036 -9.65725e-01 |  8 -0.04368 -8.48997e-01 |  9  0.04975 -2.18206e-01
 10  0.08233  2.29382e-01 | 11  0.00874 -1.14148e-01 | 12  0.00635 -3.43628e-01
 13  0.04142 -6.44756e-01 | 14 -0.02757 -7.20034e-01 | 15 -0.01414 -3.09526e-01
 16  0.04541  8.78244e-01 | 17  0.05620  2.27279e+00 | 18 -0.04154  2.32323e-01
 19  0.01078  4.91791e-01 | 20  0.01777  5.69828e-01 | 21  0.00992  7.31950e-01
 22  0.03118  1.05496e+00 | 23  0.03705  8.60403e-01 | 24  0.03884  1.03743e+00
 25  0.02764  1.25053e+00 | 26 -0.02838  3.04070e-01 | 27 -0.05229 -2.75362e-01
 28 -0.08707 -6.57587e-01 | 29 -0.03344 -6.86305e-01 | 30 -0.04483 -7.70839e-01
 31 -0.06903 -5.01737e-01 | 32  0.00973  2.86271e+00 | 33 -0.01035  1.46846e+00
 34 -0.02500  7.94733e-01 | 35 -0.01080  6.25801e-01 | 36 -0.00352  1.50503e+00
 37 -0.00797  7.39691e-01 | 38  0.03542  1.53961e+00 | 39  0.05013  4.56792e-01
 40  0.04272  2.80586e-01 | 41 -0.01399  6.07164e-01 | 42 -0.03646  9.10766e-01
 43 -0.02404  1.36121e+00 | 44 -0.01358  1.38999e+00 | 45 -0.00728  7.43504e-01
 46 -0.00121  1.35091e-01 | 47  0.03425 -1.47208e+00 | 48  0.02992 -2.22398e+00
 49  0.02953  4.48871e-01 | 50  0.04538  8.31138e-01 | 51  0.06272 -2.65385e-01
 52  0.08244 -4.38273e-01 | 53  0.09017  5.97938e-03 | 54  0.06497  3.85941e-01
 55  0.06958 -7.98470e-01 | 56 -0.00541 -1.04062e-01 | 57 -0.01896  1.42279e-01
 58 -0.03300  6.27130e-01 | 59 -0.07619  9.35504e-01 | 60 -0.16669  5.46012e-01
 61 -0.19670  1.19208e+00 | 62 -0.29664  2.74738e-01 | 63 -0.66411  5.49076e-02
 64 -0.03459 -8.96662e-02 | 65  2.38487 -7.81206e-02 | 66  1.86124 -2.86728e-02
 67  1.87254 -4.88467e-02 | 68  2.20416 -7.91862e-02 | 69  1.90690 -5.86358e-02
 70  0.53019 -1.46157e-02 |
70 variables; iteration 20; function evaluation 31
Function value   4.5529455e+03; maximum gradient component mag   3.3383e+00
Var   Value    Gradient   |Var   Value    Gradient   |Var   Value    Gradient   
  1  2.80669  1.61737e+00 |  2  0.07549 -6.91826e-01 |  3 -0.02101 -1.35013e+00
  4 -0.02235 -1.11450e+00 |  5  0.05094 -1.39142e+00 |  6 -0.01876 -7.33150e-01
  7 -0.01036 -6.50847e-01 |  8 -0.04368 -6.06558e-01 |  9  0.04973 -2.49778e-01
 10  0.08231  5.01762e-02 | 11  0.00873 -1.73492e-01 | 12  0.00634 -4.04870e-01
 13  0.04141 -3.95088e-01 | 14 -0.02756 -3.74239e-01 | 15 -0.01416 -2.26808e-01
 16  0.04540  7.18435e-01 | 17  0.05619  1.96188e+00 | 18 -0.04151  5.36056e-01
 19  0.01078  8.12466e-01 | 20  0.01777  7.83639e-01 | 21  0.00991  8.00691e-01
 22  0.03117  1.42966e+00 | 23  0.03704  1.62687e+00 | 24  0.03882  1.78562e+00
 25  0.02762  1.33182e+00 | 26 -0.02834  1.45365e-01 | 27 -0.05220 -2.94405e-01
 28 -0.08701 -5.39803e-01 | 29 -0.03341 -7.22696e-01 | 30 -0.04476 -5.25654e-01
 31 -0.06911 -3.77832e-01 | 32  0.00967  3.33827e+00 | 33 -0.01041  1.81537e+00
 34 -0.02505  1.44610e+00 | 35 -0.01083  1.70252e+00 | 36 -0.00356  1.65233e+00
 37 -0.00800  1.39551e+00 | 38  0.03536  1.89004e+00 | 39  0.05009  1.28017e+00
 40  0.04267  5.19889e-01 | 41 -0.01401  1.29357e+00 | 42 -0.03648  1.99813e+00
 43 -0.02408  1.73454e+00 | 44 -0.01363  1.41829e+00 | 45 -0.00730  1.58626e+00
 46 -0.00124  1.03887e+00 | 47  0.03424 -3.76738e-01 | 48  0.02991 -1.14468e+00
 49  0.02949  6.54117e-01 | 50  0.04536  1.30022e+00 | 51  0.06270  6.83016e-01
 52  0.08241  2.64449e-01 | 53  0.09013 -1.37266e-02 | 54  0.06493  4.88827e-01
 55  0.06958 -4.02241e-01 | 56 -0.00535  1.27324e+00 | 57 -0.01886  1.41914e+00
 58 -0.03285  1.76389e+00 | 59 -0.07599  2.00171e+00 | 60 -0.16650  1.48287e+00
 61 -0.19658  1.35907e+00 | 62 -0.29649  5.49298e-01 | 63 -0.66418 -4.15974e-02
 64 -0.03480 -6.69918e-02 | 65  2.38479 -5.52765e-02 | 66  1.86119 -1.67121e-02
 67  1.87263 -3.64986e-02 | 68  2.20431 -5.94019e-02 | 69  1.90701 -4.48491e-02
 70  0.53022 -1.06535e-02 |
70 variables; iteration 30; function evaluation 42
Function value   4.5529455e+03; maximum gradient component mag   3.3846e+00
Var   Value    Gradient   |Var   Value    Gradient   |Var   Value    Gradient   
  1  2.80672  1.64514e+00 |  2  0.07552 -6.30123e-01 |  3 -0.02101 -1.11328e+00
  4 -0.02234 -9.66144e-01 |  5  0.05094 -1.17603e+00 |  6 -0.01877 -7.28126e-01
  7 -0.01037 -8.54246e-01 |  8 -0.04369 -7.91309e-01 |  9  0.04973 -4.10365e-01
 10  0.08230  6.00109e-02 | 11  0.00873 -1.14970e-01 | 12  0.00634 -3.36003e-01
 13  0.04141 -4.34341e-01 | 14 -0.02756 -4.64171e-01 | 15 -0.01417 -3.47186e-01
 16  0.04539  5.48562e-01 | 17  0.05619  1.90632e+00 | 18 -0.04150  6.02436e-01
 19  0.01079  8.85427e-01 | 20  0.01777  7.79526e-01 | 21  0.00992  8.42037e-01
 22  0.03117  1.45736e+00 | 23  0.03703  1.54810e+00 | 24  0.03882  1.74134e+00
 25  0.02761  1.31957e+00 | 26 -0.02834  1.43558e-01 | 27 -0.05221 -3.28680e-01
 28 -0.08702 -5.35793e-01 | 29 -0.03341 -6.64909e-01 | 30 -0.04476 -4.94576e-01
 31 -0.06904 -3.17828e-01 | 32  0.00966  3.38458e+00 | 33 -0.01044  1.26210e+00
 34 -0.02506  1.50705e+00 | 35 -0.01084  1.63051e+00 | 36 -0.00356  1.48792e+00
 37 -0.00800  1.59188e+00 | 38  0.03537  2.13453e+00 | 39  0.05010  1.33273e+00
 40  0.04267  1.98685e-01 | 41 -0.01402  1.23266e+00 | 42 -0.03649  1.76174e+00
 43 -0.02408  1.74263e+00 | 44 -0.01363  1.53456e+00 | 45 -0.00730  1.66009e+00
 46 -0.00123  1.14831e+00 | 47  0.03425 -4.06790e-01 | 48  0.02991 -1.25969e+00
 49  0.02950  4.54298e-01 | 50  0.04537  1.34079e+00 | 51  0.06271  6.76144e-01
 52  0.08241  8.01117e-02 | 53  0.09013  1.20983e-02 | 54  0.06493  4.68165e-01
 55  0.06958 -4.65484e-01 | 56 -0.00535  1.17410e+00 | 57 -0.01886  1.34415e+00
 58 -0.03285  1.73092e+00 | 59 -0.07599  1.89858e+00 | 60 -0.16651  1.28044e+00
 61 -0.19658  1.39711e+00 | 62 -0.29653  5.27471e-01 | 63 -0.66420 -6.99348e-02
 64 -0.03482 -4.41040e-02 | 65  2.38447 -6.88640e-02 | 66  1.86092 -1.79841e-02
 67  1.87284 -7.79608e-03 | 68  2.20464 -1.15622e-02 | 69  1.90728 -1.08590e-02
 70  0.53032 -1.60154e-04 |
70 variables; iteration 40; function evaluation 54
Function value   4.5529455e+03; maximum gradient component mag   3.1516e+00
Var   Value    Gradient   |Var   Value    Gradient   |Var   Value    Gradient   
  1  2.80668  1.59369e+00 |  2  0.07549 -6.62077e-01 |  3 -0.02100 -1.10653e+00
  4 -0.02235 -9.57732e-01 |  5  0.05094 -1.10272e+00 |  6 -0.01875 -6.50655e-01
  7 -0.01037 -8.06032e-01 |  8 -0.04369 -7.22770e-01 |  9  0.04972 -3.87133e-01
 10  0.08231  9.81030e-02 | 11  0.00873 -7.72703e-02 | 12  0.00634 -3.02622e-01
 13  0.04141 -3.80105e-01 | 14 -0.02756 -3.90197e-01 | 15 -0.01416 -2.36410e-01
 16  0.04539  4.97018e-01 | 17  0.05619  1.88676e+00 | 18 -0.04149  6.92658e-01
 19  0.01078  9.07152e-01 | 20  0.01778  7.33212e-01 | 21  0.00992  9.28701e-01
 22  0.03117  1.53818e+00 | 23  0.03703  1.49481e+00 | 24  0.03881  1.72684e+00
 25  0.02763  1.36416e+00 | 26 -0.02834  1.61943e-01 | 27 -0.05221 -3.02406e-01
 28 -0.08701 -5.23247e-01 | 29 -0.03341 -6.84911e-01 | 30 -0.04475 -4.65209e-01
 31 -0.06912 -3.60872e-01 | 32  0.00965  3.15158e+00 | 33 -0.01044  1.32793e+00
 34 -0.02506  1.24257e+00 | 35 -0.01083  1.41143e+00 | 36 -0.00355  1.34886e+00
 37 -0.00799  1.46709e+00 | 38  0.03537  1.89863e+00 | 39  0.05010  1.19889e+00
 40  0.04267  6.24860e-02 | 41 -0.01401  1.07380e+00 | 42 -0.03649  1.57056e+00
 43 -0.02407  1.66165e+00 | 44 -0.01363  1.23360e+00 | 45 -0.00730  1.41553e+00
 46 -0.00123  8.97891e-01 | 47  0.03425 -2.67513e-01 | 48  0.02991 -1.53966e+00
 49  0.02950  1.27215e-01 | 50  0.04538  1.36562e+00 | 51  0.06272  6.79930e-01
 52  0.08240 -3.76261e-01 | 53  0.09013  1.12592e-02 | 54  0.06494  3.87617e-01
 55  0.06958 -6.96525e-01 | 56 -0.00534  1.10908e+00 | 57 -0.01886  1.10211e+00
 58 -0.03285  1.54678e+00 | 59 -0.07600  1.81434e+00 | 60 -0.16652  1.08759e+00
 61 -0.19659  1.26131e+00 | 62 -0.29645  5.56117e-01 | 63 -0.66420 -6.77842e-02
 64 -0.03485 -5.04686e-02 | 65  2.38429 -9.45308e-02 | 66  1.86059 -3.79361e-02
 67  1.87288 -9.76417e-03 | 68  2.20471 -1.65038e-02 | 69  1.90737 -1.41472e-02
 70  0.53036 -1.92752e-03 |
70 variables; iteration 50; function evaluation 67
Function value   4.5529454e+03; maximum gradient component mag   2.9275e+00
Var   Value    Gradient   |Var   Value    Gradient   |Var   Value    Gradient   
  1  2.80668  1.53780e+00 |  2  0.07551 -6.39433e-01 |  3 -0.02101 -1.08777e+00
  4 -0.02235 -9.17150e-01 |  5  0.05092 -1.16018e+00 |  6 -0.01873 -4.38122e-01
  7 -0.01037 -7.22465e-01 |  8 -0.04371 -7.85857e-01 |  9  0.04973 -2.73990e-01
 10  0.08230  6.75046e-02 | 11  0.00873 -5.11686e-02 | 12  0.00634 -2.50543e-01
 13  0.04142 -2.63066e-01 | 14 -0.02756 -3.35673e-01 | 15 -0.01417 -2.57372e-01
 16  0.04540  5.14217e-01 | 17  0.05620  1.86525e+00 | 18 -0.04148  7.52497e-01
 19  0.01077  7.95788e-01 | 20  0.01776  6.25468e-01 | 21  0.00992  9.15030e-01
 22  0.03116  1.42442e+00 | 23  0.03703  1.48270e+00 | 24  0.03882  1.71457e+00
 25  0.02762  1.32691e+00 | 26 -0.02833  2.50402e-01 | 27 -0.05223 -4.02540e-01
 28 -0.08700 -3.71333e-01 | 29 -0.03341 -5.90425e-01 | 30 -0.04474 -3.49148e-01
 31 -0.06911 -3.18147e-01 | 32  0.00964  2.92754e+00 | 33 -0.01045  1.16329e+00
 34 -0.02507  1.13904e+00 | 35 -0.01085  1.26114e+00 | 36 -0.00356  1.13767e+00
 37 -0.00799  1.37607e+00 | 38  0.03537  1.80448e+00 | 39  0.05010  1.06482e+00
 40  0.04268  6.84984e-02 | 41 -0.01401  1.02197e+00 | 42 -0.03648  1.59747e+00
 43 -0.02407  1.40133e+00 | 44 -0.01362  1.27707e+00 | 45 -0.00730  1.28226e+00
 46 -0.00123  8.67212e-01 | 47  0.03427 -1.19462e-01 | 48  0.02991 -1.61267e+00
 49  0.02949  1.73852e-01 | 50  0.04536  1.10909e+00 | 51  0.06271  6.17924e-01
 52  0.08240 -4.37053e-01 | 53  0.09014  7.82676e-02 | 54  0.06494  3.24972e-01
 55  0.06959 -6.47123e-01 | 56 -0.00533  1.11260e+00 | 57 -0.01886  1.03487e+00
 58 -0.03286  1.43302e+00 | 59 -0.07600  1.62736e+00 | 60 -0.16652  9.86841e-01
 61 -0.19659  1.25901e+00 | 62 -0.29648  4.44543e-01 | 63 -0.66421 -4.47482e-02
 64 -0.03490 -4.90167e-02 | 65  2.38459 -5.05661e-02 | 66  1.86002 -6.54132e-02
 67  1.87285 -9.64828e-03 | 68  2.20471 -1.43235e-02 | 69  1.90754 -7.86104e-03
 70  0.53052 -7.92878e-04 |
70 variables; iteration 60; function evaluation 83
Function value   4.5529447e+03; maximum gradient component mag  -1.3219e+00
Var   Value    Gradient   |Var   Value    Gradient   |Var   Value    Gradient   
  1  2.80661  7.81497e-01 |  2  0.07571 -2.91156e-01 |  3 -0.02098 -3.71184e-01
  4 -0.02235 -3.84283e-01 |  5  0.05093 -5.12432e-01 |  6 -0.01875 -2.42941e-01
  7 -0.01036 -2.74325e-01 |  8 -0.04371 -4.00077e-01 |  9  0.04974  5.11714e-02
 10  0.08231  8.22609e-02 | 11  0.00874  3.36219e-02 | 12  0.00635 -3.45111e-02
 13  0.04141 -1.00315e-01 | 14 -0.02752  1.33504e-01 | 15 -0.01417 -7.39472e-02
 16  0.04539  3.39703e-01 | 17  0.05615  8.25443e-01 | 18 -0.04149  5.44591e-01
 19  0.01075  3.51728e-01 | 20  0.01774  3.70429e-01 | 21  0.00991  5.80250e-01
 22  0.03115  8.28905e-01 | 23  0.03701  8.04083e-01 | 24  0.03879  9.10534e-01
 25  0.02760  6.88860e-01 | 26 -0.02833  1.64325e-01 | 27 -0.05219  1.24447e-02
 28 -0.08701 -2.20437e-01 | 29 -0.03340 -3.27578e-01 | 30 -0.04470 -9.96832e-03
 31 -0.06908 -9.02978e-02 | 32  0.00960  9.91466e-01 | 33 -0.01046  1.14488e-01
 34 -0.02508  1.10242e-01 | 35 -0.01087  6.65492e-02 | 36 -0.00356  8.45882e-02
 37 -0.00800  2.26406e-01 | 38  0.03536  4.57991e-01 | 39  0.05011  1.22824e-01
 40  0.04273 -3.76334e-01 | 41 -0.01399  1.03128e-01 | 42 -0.03649  3.99547e-01
 43 -0.02408  2.58787e-01 | 44 -0.01362  1.68603e-01 | 45 -0.00731  1.94013e-01
 46 -0.00124 -7.24337e-02 | 47  0.03427 -5.58372e-01 | 48  0.02993 -1.32192e+00
 49  0.02949 -3.85520e-01 | 50  0.04536  6.88523e-02 | 51  0.06273 -1.14610e-01
 52  0.08244 -5.72925e-01 | 53  0.09016 -4.08354e-01 | 54  0.06496 -2.10359e-01
 55  0.06962 -8.40361e-01 | 56 -0.00533  7.86940e-02 | 57 -0.01886  9.75129e-02
 58 -0.03286  2.48401e-01 | 59 -0.07603  2.45295e-01 | 60 -0.16654  4.82946e-02
 61 -0.19663  2.31811e-01 | 62 -0.29651  2.10683e-01 | 63 -0.66436 -3.65065e-02
 64 -0.03531 -1.72349e-02 | 65  2.38444 -2.18084e-02 | 66  1.86008 -3.51717e-02
 67  1.87332  1.11047e-02 | 68  2.20509  5.29258e-03 | 69  1.90652 -2.88019e-02
 70  0.53129  8.11667e-04 |
70 variables; iteration 70; function evaluation 100
Function value   4.5529445e+03; maximum gradient component mag  -3.7041e-01
Var   Value    Gradient   |Var   Value    Gradient   |Var   Value    Gradient   
  1  2.80655  1.99857e-01 |  2  0.07585 -7.65846e-02 |  3 -0.02098 -1.04072e-01
  4 -0.02234 -8.65073e-02 |  5  0.05094 -9.99942e-02 |  6 -0.01875 -5.95783e-02
  7 -0.01037 -8.67884e-02 |  8 -0.04368 -5.62228e-02 |  9  0.04973  3.90355e-02
 10  0.08232  4.66472e-02 | 11  0.00874  6.92666e-02 | 12  0.00634 -6.37893e-02
 13  0.04141  2.74393e-02 | 14 -0.02754  9.75867e-02 | 15 -0.01415 -9.58610e-03
 16  0.04539  1.09324e-01 | 17  0.05615  2.62158e-01 | 18 -0.04151  2.20089e-01
 19  0.01076  1.22536e-01 | 20  0.01774  1.11391e-01 | 21  0.00989  1.62451e-01
 22  0.03113  2.81049e-01 | 23  0.03699  2.31875e-01 | 24  0.03878  3.56819e-01
 25  0.02760  2.03762e-01 | 26 -0.02834  3.01726e-02 | 27 -0.05219  3.41616e-02
 28 -0.08700 -3.11541e-02 | 29 -0.03337 -1.23396e-01 | 30 -0.04470  3.71337e-02
 31 -0.06905  4.97198e-03 | 32  0.00957  2.76405e-01 | 33 -0.01047  2.32131e-02
 34 -0.02508  3.01523e-02 | 35 -0.01087  2.78620e-02 | 36 -0.00355  2.24986e-02
 37 -0.00801  5.19009e-02 | 38  0.03535  1.30429e-01 | 39  0.05010  4.32057e-02
 40  0.04275 -1.06184e-01 | 41 -0.01398  3.14936e-02 | 42 -0.03651  1.05349e-01
 43 -0.02409  7.56673e-02 | 44 -0.01362  6.80239e-02 | 45 -0.00732  5.41387e-02
 46 -0.00123 -2.90649e-02 | 47  0.03429 -1.57813e-01 | 48  0.02996 -3.70414e-01
 49  0.02949 -1.08668e-01 | 50  0.04537  3.88440e-03 | 51  0.06273 -4.86204e-02
 52  0.08245 -1.59509e-01 | 53  0.09017 -1.02047e-01 | 54  0.06497 -2.97364e-02
 55  0.06964 -2.27346e-01 | 56 -0.00532 -2.57688e-03 | 57 -0.01886  1.45517e-02
 58 -0.03287  6.60528e-02 | 59 -0.07603  6.37561e-02 | 60 -0.16655  2.08385e-02
 61 -0.19666  9.00127e-02 | 62 -0.29653  5.44665e-02 | 63 -0.66446 -5.55974e-03
 64 -0.03559 -8.60578e-03 | 65  2.38431 -4.59955e-03 | 66  1.86021 -1.16151e-02
 67  1.87280 -9.59709e-03 | 68  2.20532  1.09097e-02 | 69  1.90775 -5.40514e-03
 70  0.52787 -1.64968e-02 |

 - final statistics:
70 variables; iteration 75; function evaluation 109
Function value   4.5529e+03; maximum gradient component mag   5.9897e-06
Exit code = 1;  converg criter   1.0000e-04
Var   Value    Gradient   |Var   Value    Gradient   |Var   Value    Gradient   
  1  2.80653  1.89754e-07 |  2  0.07589  8.91890e-08 |  3 -0.02098  5.36200e-06
  4 -0.02233  5.25901e-06 |  5  0.05094  5.26746e-06 |  6 -0.01874  5.98966e-06
  7 -0.01036  5.16057e-06 |  8 -0.04368  5.15542e-06 |  9  0.04973  5.05237e-06
 10  0.08232  5.08752e-06 | 11  0.00874  5.57915e-06 | 12  0.00635  5.22410e-06
 13  0.04141  4.99222e-06 | 14 -0.02755  5.04331e-06 | 15 -0.01415  5.15147e-06
 16  0.04539  5.28172e-06 | 17  0.05615  4.72490e-06 | 18 -0.04152  4.66111e-06
 19  0.01077  5.20387e-06 | 20  0.01774  5.38346e-06 | 21  0.00988  5.01480e-06
 22  0.03111  5.26074e-06 | 23  0.03699  5.05537e-06 | 24  0.03876  4.58382e-06
 25  0.02760  5.17380e-06 | 26 -0.02833  5.71106e-06 | 27 -0.05219  4.76777e-06
 28 -0.08699  5.22871e-06 | 29 -0.03335  5.67948e-06 | 30 -0.04470  5.31575e-06
 31 -0.06905  5.10455e-06 | 32  0.00955  7.90243e-07 | 33 -0.01048  9.87929e-07
 34 -0.02509  1.00721e-06 | 35 -0.01087  9.98903e-07 | 36 -0.00355  1.09437e-06
 37 -0.00801  8.98314e-07 | 38  0.03535  6.37075e-07 | 39  0.05010  6.25774e-07
 40  0.04276  9.02167e-07 | 41 -0.01397  9.56498e-07 | 42 -0.03651  7.97501e-07
 43 -0.02409  5.89672e-07 | 44 -0.01363  6.20364e-07 | 45 -0.00732  7.00984e-07
 46 -0.00123  8.19410e-07 | 47  0.03429  7.99435e-07 | 48  0.02997  8.48333e-07
 49  0.02949  9.09886e-07 | 50  0.04538  9.29443e-07 | 51  0.06274  9.30828e-07
 52  0.08245  9.94530e-07 | 53  0.09017  8.09761e-07 | 54  0.06497  7.35687e-07
 55  0.06965  7.84109e-07 | 56 -0.00531  1.01993e-06 | 57 -0.01886  8.88196e-07
 58 -0.03287  6.95150e-07 | 59 -0.07603  7.33991e-07 | 60 -0.16655  7.47969e-07
 61 -0.19667  6.02892e-07 | 62 -0.29653 -1.30990e-07 | 63 -0.66450 -1.13925e-07
 64 -0.03570  4.28296e-08 | 65  2.38423 -3.10353e-08 | 66  1.86022  6.84839e-09
 67  1.87290  1.24033e-07 | 68  2.20478 -1.03769e-07 | 69  1.90752  2.27465e-10
 70  0.53094 -4.39858e-08 |
Estimating row 1 out of 70 for hessian
Estimating row 2 out of 70 for hessian
Estimating row 3 out of 70 for hessian
Estimating row 4 out of 70 for hessian
Estimating row 5 out of 70 for hessian
Estimating row 6 out of 70 for hessian
Estimating row 7 out of 70 for hessian
Estimating row 8 out of 70 for hessian
Estimating row 9 out of 70 for hessian
Estimating row 10 out of 70 for hessian
Estimating row 11 out of 70 for hessian
Estimating row 12 out of 70 for hessian
Estimating row 13 out of 70 for hessian
Estimating row 14 out of 70 for hessian
Estimating row 15 out of 70 for hessian
Estimating row 16 out of 70 for hessian
Estimating row 17 out of 70 for hessian
Estimating row 18 out of 70 for hessian
Estimating row 19 out of 70 for hessian
Estimating row 20 out of 70 for hessian
Estimating row 21 out of 70 for hessian
Estimating row 22 out of 70 for hessian
Estimating row 23 out of 70 for hessian
Estimating row 24 out of 70 for hessian
Estimating row 25 out of 70 for hessian
Estimating row 26 out of 70 for hessian
Estimating row 27 out of 70 for hessian
Estimating row 28 out of 70 for hessian
Estimating row 29 out of 70 for hessian
Estimating row 30 out of 70 for hessian
Estimating row 31 out of 70 for hessian
Estimating row 32 out of 70 for hessian
Estimating row 33 out of 70 for hessian
Estimating row 34 out of 70 for hessian
Estimating row 35 out of 70 for hessian
Estimating row 36 out of 70 for hessian
Estimating row 37 out of 70 for hessian
Estimating row 38 out of 70 for hessian
Estimating row 39 out of 70 for hessian
Estimating row 40 out of 70 for hessian
Estimating row 41 out of 70 for hessian
Estimating row 42 out of 70 for hessian
Estimating row 43 out of 70 for hessian
Estimating row 44 out of 70 for hessian
Estimating row 45 out of 70 for hessian
Estimating row 46 out of 70 for hessian
Estimating row 47 out of 70 for hessian
Estimating row 48 out of 70 for hessian
Estimating row 49 out of 70 for hessian
Estimating row 50 out of 70 for hessian
Estimating row 51 out of 70 for hessian
Estimating row 52 out of 70 for hessian
Estimating row 53 out of 70 for hessian
Estimating row 54 out of 70 for hessian
Estimating row 55 out of 70 for hessian
Estimating row 56 out of 70 for hessian
Estimating row 57 out of 70 for hessian
Estimating row 58 out of 70 for hessian
Estimating row 59 out of 70 for hessian
Estimating row 60 out of 70 for hessian
Estimating row 61 out of 70 for hessian
Estimating row 62 out of 70 for hessian
Estimating row 63 out of 70 for hessian
Estimating row 64 out of 70 for hessian
Estimating row 65 out of 70 for hessian
Estimating row 66 out of 70 for hessian
Estimating row 67 out of 70 for hessian
Estimating row 68 out of 70 for hessian
Estimating row 69 out of 70 for hessian
Estimating row 70 out of 70 for hessian

ofv
4552.94
nf
566
ofvsp
 4552.944477
ofv_ideal
988.9516618
ofvsp_ideal
 988.9516618
TotC.Res
 85.72828279
TotFIC.ResA
 0 506.6589943
TotFIC.ResB
 0 506.5979031
CAA.proportions
 2089.653383
FIC.proportions
 0 1870.903817
CAA.proportions.revised
 122.763345
FIC.prop.revised
 0 273.8010396
tYpen:  1.140168176e-13  tRpen:  0   Devs:  1.101117689e-19
Last nf with Bpen
 19
# of nf's with Bpen:  1


Tool completed successfully
