# "Pollock.dat" produced by dat_write() from ADMButils; Mon May 02 15:14:35 2011
# First Cut 

# Nsp 
 1 

# nFIC 
 2 

# Fyr 
 1978 

# Lyr 
 2007 

# Nage 
 9 

# nMseg 
 1 

# Nseg 
 1 

# AgePartRect 
 1 

# AgeFullRect 
 8 

# Survey_AgeFullRect 
 6 

# FICs_lage 
 1 

# M1yr 
 1978 

# TCwt 
 150 

# CPwt 
 15 

# Bwt 
 1e+15 

# Ywt 
 7 

# Rwt 
 100 

# Bthres 
 1e-07 

# Rthres 
 1 

# TSwt 
 100 100 

# SPwt 
 10 10 

# iM2 
 0 0 0 0 0 0 0 0 0 

# fic_fage 
 1 1 

# fic_lage 
 9 9 

# FICmonth 
 4 10 

# FICyr 
 0 

# TotCatch 
 3.551332 2.912944 3.665077 3.792853 3.451785 3.225617 3.487609 3.511877 4.155382 3.39318 2.542821 1.901957 1.640461 1.402902 1.234349 0.9713667 0.7219215 0.7106957 0.6197332 0.7851495 0.9829227 0.8189922 0.7856448 0.912596 0.793734 0.9591503 1.004219 1.221802 1.148834 1.531669 

# WtAtAge 
0.16 0.79 1.23 1.79 2.85 4.01 4.66 5.67 7.01
0.16 0.71 1.2 1.83 2.94 3.82 5.15 5.73 7.56
0.16 0.9 1.24 1.87 2.82 3.61 4.33 5.71 7.21
0.2 0.43 1.24 2.42 2.98 3.7 4.61 5.67 7.28
0.17 0.35 0.92 2.33 3.47 4.09 4.69 5.48 7.77
0.18 0.67 0.99 1.66 2.98 4.19 4.95 5.45 8.24
0.21 0.49 1.2 1.87 2.57 3.25 4.98 5.53 7.07
0.14 0.43 0.94 1.91 2.84 3.61 4.83 6.31 7.86
0.16 0.68 1.11 1.69 2.84 3.65 4.5 5.97 8.03
0.11 0.41 1.03 1.91 2.71 3.66 4.51 5.35 8.07
0.14 0.37 1.07 1.71 2.75 3.41 4.04 5.15 7.47
0.17 0.32 1.01 1.6 2.69 3.61 4.3 5.04 7.91
0.13 0.28 0.93 1.53 2.58 3.54 4.6 5.29 7.36
0.13 0.23 1.12 1.59 2.46 3.64 4.76 5.35 7.94
0.14 0.4 1.04 1.64 2.64 3.61 4.67 5.86 8.25
0.13 0.27 0.57 1.51 2.5 3.61 4.62 5.95 8.44
0.15 0.22 0.37 1.01 2.17 3.49 4.56 5.78 8.53
0.18 0.35 0.89 1.44 2.33 3.57 4.73 6.22 10.05
0.16 0.52 1.15 1.67 2.61 3.47 4.48 5.82 8.17
0.17 0.39 0.83 1.68 2.36 3.5 4.73 6.01 8.2
0.16 0.29 0.8 1.64 2.52 3.55 4.66 5.69 8.17
0.16 0.33 1 1.7 2.46 3.38 4.44 5.92 7.89
0.14 0.23 0.5 1.75 2.5 3.53 4.69 5.86 6.97
0.13 0.25 0.51 1.7 2.52 3.53 5.05 5.74 7.29
0.1 0.27 0.99 1.5 2.54 3.57 4.55 5.62 6.97
0.1 0.27 0.61 1.54 2.23 3.35 4.66 5.98 7.2
0.1 0.15 0.65 1.14 2.03 3.1 4.31 5.28 7.06
0.06 0.28 0.54 1.34 2.02 2.95 3.83 5.06 6.9
0.12 0.26 0.58 1.07 1.85 2.88 3.71 5.04 7.05
0.08 0.35 0.8 1.38 2.01 2.93 4.2 4.65 6.01

# Catch 
0 0.0150228357239221 0.136030952049580 0.174330928840239 0.188363247923023 0.133719746553592 0.179118425939071 0.061577117857395 0.114751352875805
0 0.0330172213712574 0.256378723947813 0.367316587755238 0.216427886088592 0.104829677853742 0.0458939377060477 0.048370229308892 0.0475613073852962
0 0.0320267047301196 0.068510734345359 0.336775657986825 0.361373487908412 0.223691674790269 0.107801227777155 0.0359887712946705 0.05895224875838
0.0554689319037123 0.340077380123951 0.291707150815059 0.119687427470808 0.348331685466765 0.193315831128712 0.100372352968622 0.0536529847282932 0.0683621568491884
0.0163435245787724 0.136196038156437 0.33165798867428 0.151714132200927 0.0635581511396704 0.170203776168832 0.114569758158263 0.0741236619784728 0.117227644478649
0.0452335932786226 0.0163435245787724 0.208173580745778 0.552543199647992 0.135370607622155 0.0369792879358082 0.0709870259482033 0.0468844543471854 0.119538849974637
0.024762916028443 0.0478749709883232 0.103508988998892 0.361208401801555 0.59662119017862 0.115065016478832 0.0203055911433233 0.0297154992341316 0.0698479318108949
0.0835335700692811 0.0870003783132631 0.339417035696526 0.133224488233023 0.308380847607544 0.345690307757064 0.0579452235065566 0.0161784384719161 0.0787625815811344
0.0591008262545507 0.0146926635102095 0.162444729146586 0.516224256139609 0.153199907162634 0.272392076312873 0.199424017082394 0.0302107575547005 0.0714987928794578
0.0543133291557183 0.0597611706819758 0.161619298612305 0.141313707468981 0.447548435687393 0.0903021004503888 0.105159850067455 0.0681805621316464 0.0660509513532003
0.15650162929976 0.0277344659518562 0.071977542589341 0.136196038156437 0.140158104720987 0.267109320893472 0.0729680592304787 0.0434176461032034 0.0492121684538591
0.0283948103792813 0.0524973819802992 0.0640534094602393 0.245317954788442 0.135700779835868 0.0761046952607482 0.0835335700692811 0.0316965325164071 0.0394555795386525
0.0117211135867964 0.0104004247319461 0.119027083043383 0.156996887620329 0.190839539525867 0.0625676344985327 0.0331823074781136 0.0241025716010179 0.0369792879358082
0.0557991041174249 0.0316965325164071 0.0336775657986825 0.139002501972993 0.103674075105748 0.109947347166287 0.0270741215244310 0.0130418024416467 0.0326870491575448
0.0442430766374848 0.0239374854941616 0.0166736967924850 0.0779206424361673 0.125795613424490 0.0726378870167662 0.0576150512928441 0.0133719746553592 0.0168387828993412
0.0848542589241314 0.0358236851878142 0.0349982546535328 0.0237723993873053 0.0539831569420058 0.0901370143435326 0.0450685071717663 0.0244327438147304 0.0104004247319461
0.0133719746553592 0.024762916028443 0.0734633175510476 0.0338426519055388 0.0364840296152394 0.0487004015226046 0.040281010072934 0.0156831801513472 0.0146926635102095
0.0399508378592214 0.0222866244255987 0.0500210903774549 0.0430874738894908 0.0331823074781136 0.0394555795386525 0.0346680824398202 0.0141974051896407 0.00907973587709577
0.0358236851878142 0.0156831801513472 0.0184896439679041 0.0500210903774549 0.0468844543471854 0.0475447987746106 0.0241025716010179 0.0125465441210778 0.00478749709883232
0.00330172213712574 0.0132068885485029 0.0099051664113772 0.0373094601495208 0.0855146033515565 0.062732720605389 0.0331823074781136 0.0127116302279341 0.00726378870167662
0.00891464977023948 0.00957499419766463 0.0165086106856287 0.0178292995404790 0.0686758204522153 0.128271905027335 0.0571197929722752 0.0156831801513472 0.00429223877826346
0.0404460961797903 0.0343379102261076 0.00610818595368261 0.0345029963329639 0.0467193682403291 0.069666337093353 0.0561292763311375 0.0178292995404790 0.0074288748085329
0.107471055563443 0.0368142018289519 0.0188198161816167 0.0217913661050299 0.0653740983150896 0.0617422039642512 0.0338426519055388 0.0158482662582035 0.0108956830525149
0.00148577496170658 0.0713171981619159 0.0468844543471854 0.0435827322100597 0.0567896207585626 0.0836986561761374 0.0480400570951794 0.0203055911433233 0.0113909413730838
0 0.00462241099197603 0.0221215383187424 0.0264137770970059 0.075444350833323 0.0340077380123951 0.0452335932786226 0.0203055911433233 0.0137021468690718
0 0.0100702525182335 0.00346680824398202 0.022451710532455 0.0630628928191015 0.0774253841155985 0.0416016989277843 0.0302107575547005 0.0199754189296107
0.00313663603026945 0.00412715267140717 0.00330172213712574 0.00363189435083831 0.0396206656455088 0.0846891728172751 0.0699965093070656 0.0312012741958382 0.0257534326695807
0.00049525832056886 0.00181594717541915 0.00280646381655687 0.0102353386250898 0.0158482662582035 0.101197783502904 0.112918897089700 0.05068143480488 0.0267439493107185
0.00330172213712574 0.00264137770970059 0.00577801373997004 0.00264137770970059 0.0208008494638921 0.0359887712946705 0.118696910829670 0.0665297010630836 0.0315314464095508
0.000660344427425147 0.00115560274799401 0.00379698045769460 0.0163435245787724 0.0165086106856287 0.103508988998892 0.0683456482385027 0.109617174952574 0.0614120317505387

# TotFIC1 
 1.94 0.95 1.43 1.43 3.96 0.88 1.03 15.2 1.88 1.66 0.78 1.9 0.65 2.05 1.75 1.62 0.58 3.58 0.64 3.54 2.66 2.22 1.4 1.72 0.72 1.44 0.47 2.17 0.94 2.09 

# TotFIC2 
 1.07 0.88 0.49 1.1 0.79 1 0.28 1.11 0.42 0.54 3.96 1.64 0.77 0.7 0.91 1.1 0.37 0.86 1.01 1.7 2.07 2.3 2.45 2.14 3.18 7.97 3.11 5.09 1.68 0.33 

# M1seg 
 0.2 0.2 0.2 0.2 0.2 0.2 0.2 0.2 0.2 

# SurveyCatch_1 
0 0.27 0.413 0.515 0.314 0.116 0.087 0.047 0.18
0.111 0.051 0.084 0.072 0.135 0.104 0.062 0.138 0.189
0.099 0.181 0.093 0.293 0.248 0.154 0.236 0.055 0.067
0.006 0.375 0.049 0.072 0.163 0.209 0.07 0.061 0.423
0.107 1.514 0.855 0.733 0.122 0.267 0.113 0.116 0.134
0.57 0.059 0.019 0.029 0.002 0 0.048 0.026 0.125
0.171 0.128 0.115 0.122 0.115 0.102 0.045 0.038 0.19
0.015 0.336 4.445 3.591 4.545 1.774 0.243 0.017 0.229
0.049 0.149 0.067 0.197 0.102 0.417 0.381 0.13 0.389
0.153 0.908 0.201 0.025 0.035 0.036 0.074 0.08 0.144
0.402 0.024 0.078 0.014 0 0.031 0.022 0.056 0.152
0.057 0.124 0.105 0.437 0.408 0.283 0.17 0.144 0.173
0 0.024 0.238 0.092 0.032 0.051 0.041 0.033 0.133
0.11 0.076 0.434 0.589 0.31 0.258 0.158 0.011 0.107
0.715 0.195 0.146 0.141 0.165 0.082 0.09 0.038 0.182
0.588 0.277 0.327 0.196 0.046 0.089 0.048 0.014 0.036
0.003 0.046 0.099 0.128 0.075 0.071 0.086 0.048 0.025
0.004 0.022 0.868 1.974 0.512 0.124 0.003 0.049 0.024
0.237 0.021 0.008 0.07 0.153 0.082 0.044 0.021 0
0.513 0.478 0.776 0.593 0.712 0.193 0.193 0.034 0.044
0.755 0.26 0.974 0.179 0.058 0.172 0.161 0.069 0.03
0.653 1.115 0.181 0.13 0.038 0.051 0.042 0.012 0
0.736 0.106 0.118 0.084 0.154 0.107 0.055 0.028 0.015
0.671 0.166 0.119 0.075 0.257 0.245 0.115 0.05 0.018
0.04 0.021 0.039 0.219 0.146 0.183 0.057 0.017 0
0.303 0.861 0.046 0.074 0.038 0.052 0.04 0.016 0.013
0.067 0.194 0.046 0.009 0.03 0.063 0.029 0.012 0.023
0.006 0.454 0.015 0.031 0.136 0.932 0.375 0.155 0.063
0.086 0.019 0.022 0.007 0.055 0.312 0.38 0.051 0.012
0.235 0.141 0.203 0.087 0.318 0.426 0.662 0.023 0

# SurveyCatch_2 
0.033 0.221 0.044 0.051 0.11 0.082 0.172 0.081 0.273
0.013 0.017 0.183 0.146 0.081 0.094 0.071 0.087 0.184
0.057 0.006 0.011 0.049 0.096 0.031 0.047 0.049 0.147
0.026 0.177 0.515 0.137 0.129 0.032 0.026 0.003 0.055
0.082 0.221 0.222 0.053 0.018 0.057 0.048 0 0.091
0.506 0.015 0.07 0.041 0.07 0.016 0.057 0.078 0.147
0.104 0.123 0.017 0.004 0.003 0.02 0.003 0.003 0.005
0.67 0.048 0.103 0.079 0.08 0.05 0.023 0 0.054
0.135 0.082 0.032 0.039 0.042 0.043 0.038 0.008 0.005
0.042 0.191 0.056 0 0.059 0.016 0.067 0.031 0.08
0.096 0.116 1.106 1.351 0.432 0.449 0.079 0.192 0.141
0.437 0.678 0.364 0.132 0 0 0 0 0.031
0.01 0.089 0.246 0.151 0.124 0.009 0.022 0.034 0.087
0.138 0.066 0.154 0.23 0.056 0.043 0.012 0 0
0.303 0.2 0.132 0.131 0.113 0.016 0.01 0 0
0.484 0.399 0.092 0.032 0.012 0.061 0 0 0.015
0 0.051 0.137 0.098 0.071 0.018 0 0 0
0.031 0.157 0.47 0.11 0.069 0.024 0 0 0
0.288 0.309 0.046 0.212 0.134 0.015 0.006 0 0
0.549 0.634 0.146 0.17 0.172 0.033 0 0 0
1.243 0.328 0.319 0.092 0.028 0.035 0.022 0 0
0.51 0.539 0.204 0.517 0.267 0.2 0.044 0.014 0
0.35 1.949 0.093 0.017 0.027 0.018 0 0 0
0.116 0.612 0.482 0.501 0.272 0.093 0.052 0.013 0
0.203 0.131 0.923 0.691 0.83 0.326 0.075 0 0
0.313 2.034 1.909 3.106 0.53 0.075 0 0 0
0.116 0.26 1.661 0.418 0.361 0.203 0.087 0 0
0.033 2.228 0.407 0.904 0.631 0.765 0.114 0.012 0
0.282 0.803 0.115 0.052 0.102 0.155 0.168 0.006 0
0.112 0.012 0 0.028 0.015 0.077 0.056 0.014 0.017

# Eof 
 54321 

