# Number of parameters = 82  Objective function value = 4557.50  Maximum gradient component = 0.00773509
# aAge1:
 0.476989
# aFt:
 -1.79409
# dAge1:
 -0.509096 -0.102275 0.625141 1.01388 0.277173 -1.10920 1.94807 -0.0820437 0.0442087 0.952919 0.581301 -1.18504 0.0845948 0.298744 0.323948 -1.85034 0.689097 -0.513174 1.05596 0.982224 0.803292 0.481405 -0.105808 -0.479940 0.640735 -1.47328 1.05649 -1.97362 -2.47537
# dFt:
 0.574521 0.401723 0.742223 0.827826 0.954769 1.05991 1.30535 1.33699 1.66714 1.65880 1.21914 0.857770 0.741214 0.442534 0.144684 -0.204685 -0.515151 -0.808831 -1.06854 -0.894462 -0.703212 -0.988113 -1.10591 -1.15668 -1.41356 -1.29546 -1.20839 -0.976489 -1.00955 -0.585570
# FICsel:
 1.00000 0.210064 0.275676 0.470322 0.719591
# agesel:
 0.175896 0.189751 0.399630 0.715427 0.999994 1.00000 1.00000
# Yr1:
 0.840457 0.742599 0.491114 0.0874061 -0.238579 -0.679382 -0.567748 -1.12122 -0.627391
