# Number of parameters = 77  Objective function value = 1862.79  Maximum gradient component = 0.000606036
# aAge1:
 3.31172
# aFt:
 -2.53745
# dAge1:
 -2.71793 -0.402560 -2.54784 -2.06691 0.527153 -1.01076 -1.58404 1.21605 -0.751592 -0.230364 0.238763 0.334234 0.946106 0.559784 -0.262012 0.353764 0.0566550 -0.517874 0.832048 1.04817 1.05553 2.00498 -0.293436 0.254085 0.379511 0.462785 0.916623 0.501044 0.698025
# dFt:
 0.411587 0.400476 0.544744 1.19767 0.909388 1.06791 1.31761 1.64406 1.68027 1.44983 1.44100 1.36797 1.58697 0.979010 -0.534527 -1.66831 -1.01581 -1.28201 -0.655492 -0.803538 -1.00926 -1.32193 -2.11643 -1.67719 -1.12035 -0.891196 -0.285872 -0.530314 -0.0824654 -1.00381
# FICsel:
 0.0917099
# agesel:
 0.108650 0.693273 0.948400 0.999999 1.00000
# Yr1:
 -0.278417 -0.416386 -0.294621 -0.0174690 -0.417968 -0.793164 -1.15548 -1.39978 -1.06225 -1.00379
