# "Mack.dat" produced by dat_write() from ADMButils; Wed Mar 23 20:08:54 2011
# First Cut 

# Nsp 
 1 

# nFIC 
 2 

# Fyr 
 1978 

# Lyr 
 2007 

# Nage 
 10 

# nMseg 
 1 

# nseg 
 1 

# AgePartRect 
 1 

# AgeFullRect 
 6 

# Survey_AgeFullRect 
 2 

# FICs_lage 
 1 

# M1yr 
 1978 

# TCwt 
 100 

# CPwt 
 10 

# Bwt 
 1e+15 

# Ywt 
 15 

# Rwt 
 100 

# Bthres 
 1e-07 

# Rthres 
 1 

# TSwt 
 100 0 

# SPwt 
 10 0 

# iM2 
 0 0 0 0 0 0 0 0 0 0 

# fic_fage 
 1 1 

# fic_lage 
 10 10 

# FICmonth 
 4 10 

# FICyr 
 0 

# TotCatch 
 0.2365755 0.235028 0.3142411 1.113433 1.080162 1.234332 2.255302 4.038419 3.90427 5.117033 5.651505 5.157656 6.251261 4.481878 1.278243 0.541725 1.096894 0.9428201 1.884770 1.663186 1.476711 1.316834 0.697153 1.406880 2.694601 3.40868 5.514937 4.233792 5.644444 2.564803 

# WtAtAge 
0.192 0.285 0.425 0.463 0.509 0.582 0.625 0.659 0.673 0.713
0.19 0.272 0.531 0.567 0.579 0.603 0.652 0.714 0.752 0.803
0.146 0.376 0.541 0.6 0.617 0.635 0.67 0.706 0.769 0.777
0.114 0.315 0.523 0.577 0.643 0.66 0.674 0.707 0.723 0.768
0.152 0.34 0.541 0.606 0.666 0.743 0.737 0.722 0.719 0.775
0.098 0.257 0.479 0.593 0.628 0.659 0.712 0.709 0.705 0.73
0.098 0.162 0.338 0.525 0.625 0.657 0.696 0.715 0.705 0.716
0.122 0.304 0.301 0.451 0.577 0.711 0.727 0.743 0.814 0.791
0.103 0.258 0.391 0.394 0.483 0.621 0.74 0.743 0.82 0.77
0.14 0.231 0.336 0.427 0.434 0.535 0.52 0.746 0.753 0.792
0.112 0.232 0.355 0.426 0.473 0.506 0.601 0.697 0.759 0.775
0.142 0.282 0.384 0.431 0.506 0.536 0.56 0.697 0.776 0.839
0.133 0.222 0.334 0.449 0.487 0.527 0.609 0.57 0.644 0.774
0.186 0.287 0.399 0.462 0.543 0.596 0.616 0.688 0.686 0.793
0.18 0.269 0.375 0.419 0.476 0.52 0.575 0.627 0.64 0.653
0.185 0.269 0.35 0.435 0.477 0.534 0.594 0.643 0.682 0.706
0.158 0.231 0.315 0.396 0.486 0.519 0.591 0.643 0.701 0.675
0.158 0.262 0.339 0.415 0.469 0.539 0.556 0.612 0.689 0.718
0.191 0.246 0.352 0.474 0.481 0.55 0.585 0.644 0.69 0.77
0.199 0.301 0.382 0.451 0.546 0.532 0.57 0.609 0.658 0.709
0.147 0.25 0.373 0.482 0.535 0.56 0.592 0.604 0.656 0.684
0.166 0.263 0.391 0.459 0.529 0.581 0.611 0.618 0.681 0.705
0.199 0.23 0.321 0.442 0.53 0.585 0.614 0.674 0.693 0.747
0.135 0.261 0.359 0.401 0.506 0.58 0.649 0.628 0.662 0.616
0.138 0.22 0.344 0.43 0.471 0.563 0.599 0.645 0.708 0.693
0.126 0.229 0.308 0.435 0.517 0.573 0.635 0.642 0.626 0.679
0.171 0.224 0.341 0.387 0.479 0.5 0.606 0.695 0.545 0.679
0.11 0.235 0.338 0.394 0.446 0.547 0.614 0.636 0.708 0.665
0.181 0.249 0.304 0.387 0.419 0.451 0.537 0.567 0.465 0.521
0.133 0.248 0.356 0.427 0.509 0.564 0.576 0.644 0.641 0.695

# Catch 
0.00967193407753332 0.0193438681550666 0.454580901644066 1.6829165294908 1.28636723231193 0.8124424625128 0.454580901644066 0.212782549705733 0.435237033489 0.706051187659933
0.0386877363101333 0.0580316044652 0.125735143007933 0.686707319504866 1.7989797384212 1.26702336415687 0.599659912807066 0.251470286015866 0.212782549705733 0.628675715039666
0.1160632089304 1.05424081445113 0.320334456647904 0.186281450333292 0.667363451349799 1.33472690269960 0.734680112529431 0.327298249183728 0.213556304431936 0.502940572031733
1.55718138648287 0.686707319504866 0.889817935133066 0.135407077085467 0.193438681550666 0.589987978729533 1.1316162870714 0.473924769799133 0.241798351938333 0.338517692713666
0.357861560868733 1.14128822114893 0.2611422200934 0.880146001055533 0.1160632089304 0.183766747473133 0.328845758636133 0.8124424625128 0.280486088248466 0.4932686379542
0.212782549705733 1.47980591386260 0.628675715039666 0.183766747473133 0.677035385427333 0.0677035385427333 0.1160632089304 0.531956374264333 0.9865372759084 0.628675715039666
0.0483596703876666 3.90746136732346 2.63076606908906 0.309501890481066 0.1160632089304 0.444908967566533 0.0580316044652 0.0677035385427333 0.328845758636133 1.35407077085467
0.30031355310741 0.150688732927969 11.8959953186621 3.14715062948857 0.280486088248466 0.0923669704404433 0.382234834744117 0.04062212312564 0.0712821541514206 1.43831331666998
0.124671230259405 1.22978641795836 0.648793337920935 9.7590782035719 2.45609093964881 0.203497492991301 0.067316661179632 0.307954381028661 0.0207946582666966 0.588827346640229
0.403126212351589 1.41094174323056 1.41423020081692 0.745222520673943 10.6505403674981 1.72102394975628 0.242862264686862 0.035109120701446 0.203787651013627 0.341515992277702
0.09720293747921 1.25822190414631 0.993694507125774 0.962841037418442 1.12968190025589 10.3272076112862 2.22831689212290 0.254178427557576 0.114999296181871 0.53698577998465
0.38030044792861 1.65999404572704 1.06710448677425 0.70798557447544 0.684482774667033 0.227483889503584 8.57213845357701 0.481372159038834 0.0894653902171832 0.217811955426050
0.1886027145119 2.01959655472973 3.10749569977068 0.76911219784545 0.62113160645919 0.417634113467889 0.0773754726202666 5.24344562145314 0.251857163378968 0.1160632089304
0.136664428515546 1.41306956872762 5.45400362632104 2.38181048593336 0.624806941408653 0.3772054290238 0.319173824558600 0.0967193407753332 2.64043800316660 0.1160632089304
0.0708952767883193 0.652952269574275 0.511838751383064 2.48510674188141 1.48754346112463 0.20020903540494 0.150301855564868 0.122736843443898 0.129507197298171 1.61985551930528
0.146916678637731 0.890301531836942 1.09399246350979 0.596855051924581 1.59925429972014 0.865541380598457 0.185507695607089 0.0787295433911213 0.107938784305272 0.816504674825363
0.192568207483688 0.171966987898543 1.22939954059526 1.39420929727643 0.530892461515804 1.90807915481577 0.646762231764653 0.104843765400461 0.0296928376180273 0.397129613223518
1.79085531379607 1.99754454503296 0.264237238998210 0.92308938835978 0.793388752380059 0.312500190045102 0.992437155695694 0.312016593341225 0.0296928376180273 0.089078512854082
0.743288133858436 3.38246878559495 2.49506883398127 0.188119117808023 1.23268799818162 0.954233016089438 0.246924476999426 0.98837494338313 0.223324957850244 0.143531501710595
0.66755689003135 2.12656814562725 2.26332929348357 1.07503547271783 0.104070010674259 0.824338941428165 0.657788236613041 0.268976486696202 0.698990675783333 0.181058605931424
0.223228238509469 2.88697560280292 1.84801644419429 1.61434251688109 0.843295932220131 0.11171083859551 0.568806443099735 0.400514790150655 0.0952685506637032 0.232610014564676
0.168098214267529 0.649470373306363 2.30936769969263 1.37254416494275 0.890301531836942 0.464736432425476 0.140243044124233 0.281259842974669 0.195663226388499 0.123220440147775
2.5247616715993 0.927731916716997 0.597532087310009 0.996402648667483 0.422953677210532 0.319463982580926 0.067896977224284 0.005222844401868 0.0221487290375513 0.0363664721315253
0.878598491603127 7.43878121837166 2.30114655572673 0.726555687904303 0.95355598070401 0.230578908408394 0.200015596723389 0.0692510479951386 0.016248849250256 0.0320141017966353
0.96187384401069 1.19487073593847 11.6098027893079 1.37786372868540 0.508647013137478 0.939531676291587 0.30050699178896 0.0781492273464693 0.0180865167249873 0.007544108580476
0.987697907997703 2.31613805354691 2.56712474285890 11.7930859400772 1.35261998074304 0.485337652010622 0.470152715508895 0.025243747942362 0.000483596703876666 0
3.63190796545454 7.53482352376156 2.16071007292094 2.43752082621995 11.711358097122 0.876083788742969 0.273522295712642 0.0852097392230686 0.0217618516744500 0
1.80400914414152 9.77348938534742 6.11701470733595 1.24371400303001 0.910128996695886 6.78544207143428 0.209300653437821 0.313660822134406 0.00773754726202666 0.00435237033489
2.39099882330701 2.14832999730170 12.4949781960838 4.32393484870205 1.02832003112334 0.822017677249557 3.79188175509694 0.0973963761607606 0.0137341463900973 0.00415893165333933
0.211428478934878 5.1071680703007 3.81083874588891 6.2097685551395 1.34894464579357 0.209590811460147 0.161327860413256 0.631674014603701 0.0146046204570753 0.000580316044652

# TotFIC1 
0.628 0.169 0.352 2.332 1.025 0.557 2.864 2.794 1.443 8.52 4.704 3.698 3.322 5.264 8.7207 8.2562 10.2432 10.5673 10.5008 5.2216 10.0621 13.7449 19.5315 41.4519 10.6217 24.3 25.5236 7.1383 21.2678 11.617

# TotFIC2 
0.628 0.169 0.352 2.332 1.025 0.557 2.864 2.794 1.443 8.52 4.704 3.698 3.322 5.264 8.7207 8.2562 10.2432 10.5673 10.5008 5.2216 10.0621 13.7449 19.5315 41.4519 10.6217 24.3 25.5236 7.1383 21.2678 11.617

# M1seg 
 0.2 0.2 0.2 0.2 0.2 0.2 0.2 0.2 0.2 0.2 

# SurveyCatch_1 
0.05 0.11 0.103 0.194 0.096 0.028 0.011 0.003 0.015 0.018
0.011 0.004 0.007 0.013 0.05 0.014 0.01 0.006 0.006 0.048
0.023 0.188 0.007 0.005 0.023 0.049 0.011 0.011 0.007 0.028
0.336 0.137 0.429 0.048 0.046 0.161 0.404 0.23 0.139 0.402
0.432 0.195 0.022 0.098 0.018 0.01 0.025 0.097 0.044 0.084
0.236 0.287 0.022 0.002 0.004 0.001 0 0.001 0.002 0.002
0.26 1.801 0.606 0.042 0.005 0.043 0.004 0.003 0.016 0.084
0.338 0.085 1.851 0.235 0.028 0.011 0.047 0.003 0.01 0.186
0.13 0.45 0.078 0.591 0.118 0.008 0.001 0.02 0 0.047
1.484 1.795 0.874 0.372 2.945 0.497 0.143 0.016 0.138 0.256
0.634 0.458 0.367 0.336 0.375 1.769 0.443 0.051 0.048 0.223
1.583 1.641 0.071 0.284 0.009 0.011 0.067 0.009 0.005 0.018
1.3 1.385 0.501 0.016 0.013 0.006 0 0.076 0.009 0.016
1.67 0.889 1.484 0.537 0.24 0.114 0.058 0 0.269 0.003
2.979 2.6422 0.5558 1.1593 0.7247 0.1156 0.1304 0.0199 0.0488 0.345
1.207 2.6595 1.0091 0.3813 1.0544 0.7203 0.1492 0.133 0.3325 0.6099
4.1386 1.7436 2.1139 0.8699 0.2815 0.6019 0.207 0.0512 0.0105 0.2251
3.1701 3.4871 0.5893 1.1824 0.7122 0.2848 0.7191 0.2258 0.0655 0.131
4.0058 3.2257 1.3258 0.1481 0.6175 0.4196 0.1927 0.28 0.1539 0.1317
2.9998 1.1619 0.4485 0.2247 0.0254 0.1244 0.1149 0.0452 0.0702 0.0066
5.6474 3.1195 0.6787 0.2863 0.1211 0.0171 0.0867 0.0634 0.0179 0.024
4.9932 4.1347 2.9206 0.9221 0.4061 0.1784 0.0498 0.0819 0.0436 0.0145
14.7693 2.4561 1.1156 0.7272 0.2514 0.1189 0.05 0 0.0236 0.0194
12.4608 26.5956 1.7582 0.3622 0.2115 0.0375 0.0114 0.0093 0.0042 0.0012
1.2662 2.977 5.7418 0.4438 0.1229 0.0494 0.0192 0.0014 0 0
9.1159 8.3906 2.9148 3.2997 0.4028 0.1207 0.0555 0 0 0
21.9188 3.006 0.3165 0.1166 0.1516 0.0121 0.002 0 0 0
1.7745 3.7293 0.9319 0.1697 0.1354 0.3667 0.0258 0.005 0 0
4.4389 9.5737 6.2724 0.6548 0.1372 0.0521 0.1267 0.012 0 0
1.9963 6.9564 1.2098 1.2239 0.1565 0.0135 0.0224 0.032 0.0062 0

# SurveyCatch_2 
0.05 0.11 0.103 0.194 0.096 0.028 0.011 0.003 0.015 0.018
0.011 0.004 0.007 0.013 0.05 0.014 0.01 0.006 0.006 0.048
0.023 0.188 0.007 0.005 0.023 0.049 0.011 0.011 0.007 0.028
0.336 0.137 0.429 0.048 0.046 0.161 0.404 0.23 0.139 0.402
0.432 0.195 0.022 0.098 0.018 0.01 0.025 0.097 0.044 0.084
0.236 0.287 0.022 0.002 0.004 0.001 0 0.001 0.002 0.002
0.26 1.801 0.606 0.042 0.005 0.043 0.004 0.003 0.016 0.084
0.338 0.085 1.851 0.235 0.028 0.011 0.047 0.003 0.01 0.186
0.13 0.45 0.078 0.591 0.118 0.008 0.001 0.02 0 0.047
1.484 1.795 0.874 0.372 2.945 0.497 0.143 0.016 0.138 0.256
0.634 0.458 0.367 0.336 0.375 1.769 0.443 0.051 0.048 0.223
1.583 1.641 0.071 0.284 0.009 0.011 0.067 0.009 0.005 0.018
1.3 1.385 0.501 0.016 0.013 0.006 0 0.076 0.009 0.016
1.67 0.889 1.484 0.537 0.24 0.114 0.058 0 0.269 0.003
2.979 2.6422 0.5558 1.1593 0.7247 0.1156 0.1304 0.0199 0.0488 0.345
1.207 2.6595 1.0091 0.3813 1.0544 0.7203 0.1492 0.133 0.3325 0.6099
4.1386 1.7436 2.1139 0.8699 0.2815 0.6019 0.207 0.0512 0.0105 0.2251
3.1701 3.4871 0.5893 1.1824 0.7122 0.2848 0.7191 0.2258 0.0655 0.131
4.0058 3.2257 1.3258 0.1481 0.6175 0.4196 0.1927 0.28 0.1539 0.1317
2.9998 1.1619 0.4485 0.2247 0.0254 0.1244 0.1149 0.0452 0.0702 0.0066
5.6474 3.1195 0.6787 0.2863 0.1211 0.0171 0.0867 0.0634 0.0179 0.024
4.9932 4.1347 2.9206 0.9221 0.4061 0.1784 0.0498 0.0819 0.0436 0.0145
14.7693 2.4561 1.1156 0.7272 0.2514 0.1189 0.05 0 0.0236 0.0194
12.4608 26.5956 1.7582 0.3622 0.2115 0.0375 0.0114 0.0093 0.0042 0.0012
1.2662 2.977 5.7418 0.4438 0.1229 0.0494 0.0192 0.0014 0 0
9.1159 8.3906 2.9148 3.2997 0.4028 0.1207 0.0555 0 0 0
21.9188 3.006 0.3165 0.1166 0.1516 0.0121 0.002 0 0 0
1.7745 3.7293 0.9319 0.1697 0.1354 0.3667 0.0258 0.005 0 0
4.4389 9.5737 6.2724 0.6548 0.1372 0.0521 0.1267 0.012 0 0
1.9963 6.9564 1.2098 1.2239 0.1565 0.0135 0.0224 0.032 0.0062 0

# Eof 
 54321 

