# Number of parameters = 73  Objective function value = 5132.35  Maximum gradient component = 3.08937e-05
# aAge1:
 -1.00425
# aFt:
 -0.0948564
# dAge1:
 1.20870 0.710009 0.414916 1.60253 0.889728 1.70850 1.34551 0.162169 0.712212 0.819416 0.779656 0.723627 0.694729 0.350146 -0.0393964 -0.653383 -1.09248 -0.774794 -0.164297 0.132690 0.0645134 -1.06341 -0.977697 -0.909929 -1.37539 -1.74628 -1.20185 -1.14339 -1.17677
# dFt:
 0.143388 0.184798 0.0459708 0.394854 0.997609 0.659988 0.859162 0.594332 0.323378 0.411332 0.228562 0.0609993 0.0533094 -0.160148 0.231310 0.176328 -0.0144727 -0.0593853 -0.0684103 -0.0645819 -0.0233213 -0.0251822 -0.195355 -0.0853187 -0.680973 -0.295109 -0.353278 -0.655860 -1.15458 -1.52935
# FICsel:
 0.00922707 0.124120 0.561206
# agesel:
 0.129139 0.734327
# Yr1:
 -0.277634 -1.24152 -2.44201 -3.66041 -4.39353 -5.58129 -3.87200
