# Number of parameters = 82  Objective function value = 8734.03  Maximum gradient component = 0.00165390
# aAge1:
 1.07103
# aFt:
 -1.36373
# dAge1:
 -0.0218270 -0.251848 -0.487821 -0.656827 -0.887032 -0.805811 -0.126951 -0.225851 -0.606721 0.0143841 0.210924 0.174256 0.184894 0.530755 0.464018 0.199364 -0.0462304 0.224204 0.630939 0.889874 0.815381 0.500451 0.167773 0.141221 -0.0885052 -0.382093 -0.100721 -0.151075 -0.309125
# dFt:
 -1.19580 -0.847806 -0.742385 -0.925885 -0.945088 -1.01748 -1.07198 -0.920511 -1.05553 -0.863637 -0.657136 -0.00393376 -0.0132397 0.188494 0.503362 0.827256 0.795539 1.01939 1.06677 1.05967 0.977149 0.960521 0.816898 1.02725 0.790013 0.712368 0.319579 0.0819079 -0.316685 -0.569058
# FICsel:
 0.0878879 0.176030 0.385407 0.706645 0.890544
# agesel:
 0.00367507 0.0100632 0.0487891 0.186850 0.347760 0.669905
# Yr1:
 1.26193 0.951923 0.118906 -0.493411 -0.912833 -0.979189 -0.970802 -1.02096 -1.62823 -2.07352
