# "Goose.dat" produced by dat_write() from ADMButils; Mon Mar 21 20:42:06 2011
# First Cut 

# Nsp 
 1 

# nFIC 
 2 

# Fyr 
 1978 

# Lyr 
 2007 

# Nage 
 10 

# nMseg 
 1 

# Nseg 
 1 

# AgePartRect 
 1 

# AgeFullRect 
 7 

# Survey_AgeFullRect 
 6 

# FICs_lage 
 1 

# M1yr 
 1978 

# TCwt 
 400 

# CPwt 
 75 

# Bwt 
 1e+15 

# Ywt 
 0 

# Rwt 
 100 

# Bthres 
 1e-07 

# Rthres 
 1 

# TSwt 
 100 50 

# SPwt 
 50 50 

# iM2 
 0 0 0 0 0 0 0 0 0 0 

# fic_fage 
 1 1 

# fic_lage 
 10 10 

# FICmonth 
 4 10 

# FICyr 
 0 

# TotCatch 
 0.6265945 0.909473 0.9774029 0.796789 0.8165102 0.8306095 0.8488137 1.018987 0.8741567 0.991413 1.091714 1.774013 1.510053 1.681208 2.047611 2.501198 2.302023 2.764713 2.732855 2.753290 2.572944 2.443730 2.102224 2.766140 2.500217 2.760429 2.222425 2.029764 1.519423 1.280449 

# WtAtAge 
0.0416573412796429 0.147890400287093 0.441890594873540 0.997972926049287 1.95801820462167 3.35452061423138 5.04729258427269 7.65960535469792 10.6715681175645 13.2926185516943
0.0416573412796429 0.147890400287093 0.441890594873540 0.997972926049287 1.95801820462167 3.35452061423138 5.04729258427269 7.65960535469792 10.6715681175645 13.2926185516943
0.0416573412796429 0.147890400287093 0.441890594873540 0.997972926049287 1.95801820462167 3.35452061423138 5.04729258427269 7.65960535469792 10.6715681175645 13.2926185516943
0.0416573412796429 0.147890400287093 0.441890594873540 0.997972926049287 1.95801820462167 3.35452061423138 5.04729258427269 7.65960535469792 10.6715681175645 13.2926185516943
0.0416573412796429 0.147890400287093 0.441890594873540 0.997972926049287 1.95801820462167 3.35452061423138 5.04729258427269 7.65960535469792 10.6715681175645 13.2926185516943
0.0416573412796429 0.147890400287093 0.441890594873540 0.997972926049287 1.95801820462167 3.35452061423138 5.04729258427269 7.65960535469792 10.6715681175645 13.2926185516943
0.0416573412796429 0.147890400287093 0.441890594873540 0.997972926049287 1.95801820462167 3.35452061423138 5.04729258427269 7.65960535469792 10.6715681175645 13.2926185516943
0.0416573412796429 0.147890400287093 0.441890594873540 0.997972926049287 1.95801820462167 3.35452061423138 5.04729258427269 7.65960535469792 10.6715681175645 13.2926185516943
0.0416573412796429 0.147890400287093 0.441890594873540 0.997972926049287 1.95801820462167 3.35452061423138 5.04729258427269 7.65960535469792 10.6715681175645 13.2926185516943
0.0416573412796429 0.147890400287093 0.441890594873540 0.997972926049287 1.95801820462167 3.35452061423138 5.04729258427269 7.65960535469792 10.6715681175645 13.2926185516943
0.0416573412796429 0.147890400287093 0.441890594873540 0.997972926049287 1.95801820462167 3.35452061423138 5.04729258427269 7.65960535469792 10.6715681175645 13.2926185516943
0.0416573412796429 0.147890400287093 0.441890594873540 0.997972926049287 1.95801820462167 3.35452061423138 5.04729258427269 7.65960535469792 10.6715681175645 13.2926185516943
0.0416573412796429 0.147890400287093 0.441890594873540 0.997972926049287 1.95801820462167 3.35452061423138 5.04729258427269 7.65960535469792 10.6715681175645 13.2926185516943
0.0416573412796429 0.147890400287093 0.441890594873540 0.997972926049287 1.95801820462167 3.35452061423138 5.04729258427269 7.65960535469792 10.6715681175645 13.2926185516943
0.0416573412796429 0.147890400287093 0.441890594873540 0.997972926049287 1.95801820462167 3.35452061423138 5.04729258427269 7.65960535469792 10.6715681175645 13.2926185516943
0.0416573412796429 0.147890400287093 0.441890594873540 0.997972926049287 1.95801820462167 3.35452061423138 5.04729258427269 7.65960535469792 10.6715681175645 13.2926185516943
0.0416573412796429 0.147890400287093 0.441890594873540 0.997972926049287 1.95801820462167 3.35452061423138 5.04729258427269 7.65960535469792 10.6715681175645 13.2926185516943
0.0416573412796429 0.147890400287093 0.441890594873540 0.997972926049287 1.95801820462167 3.35452061423138 5.04729258427269 7.65960535469792 10.6715681175645 13.2926185516943
0.0416573412796429 0.147890400287093 0.441890594873540 0.997972926049287 1.95801820462167 3.35452061423138 5.04729258427269 7.65960535469792 10.6715681175645 13.2926185516943
0.0416573412796429 0.147890400287093 0.441890594873540 0.997972926049287 1.95801820462167 3.35452061423138 5.04729258427269 7.65960535469792 10.6715681175645 13.2926185516943
0.0416573412796429 0.147890400287093 0.441890594873540 0.997972926049287 1.95801820462167 3.35452061423138 5.04729258427269 7.65960535469792 10.6715681175645 13.2926185516943
0.0416573412796429 0.147890400287093 0.441890594873540 0.997972926049287 1.95801820462167 3.35452061423138 5.04729258427269 7.65960535469792 10.6715681175645 13.2926185516943
0.0416573412796429 0.147890400287093 0.441890594873540 0.997972926049287 1.95801820462167 3.35452061423138 5.04729258427269 7.65960535469792 10.6715681175645 13.2926185516943
0.0416573412796429 0.147890400287093 0.441890594873540 0.997972926049287 1.95801820462167 3.35452061423138 5.04729258427269 7.65960535469792 10.6715681175645 13.2926185516943
0.0416573412796429 0.147890400287093 0.441890594873540 0.997972926049287 1.95801820462167 3.35452061423138 5.04729258427269 7.65960535469792 10.6715681175645 13.2926185516943
0.0416573412796429 0.147890400287093 0.441890594873540 0.997972926049287 1.95801820462167 3.35452061423138 5.04729258427269 7.65960535469792 10.6715681175645 13.2926185516943
0.0416573412796429 0.147890400287093 0.441890594873540 0.997972926049287 1.95801820462167 3.35452061423138 5.04729258427269 7.65960535469792 10.6715681175645 13.2926185516943
0.0416573412796429 0.147890400287093 0.441890594873540 0.997972926049287 1.95801820462167 3.35452061423138 5.04729258427269 7.65960535469792 10.6715681175645 13.2926185516943
0.0416573412796429 0.147890400287093 0.441890594873540 0.997972926049287 1.95801820462167 3.35452061423138 5.04729258427269 7.65960535469792 10.6715681175645 13.2926185516943
0.0416573412796429 0.147890400287093 0.441890594873540 0.997972926049287 1.95801820462167 3.35452061423138 5.04729258427269 7.65960535469792 10.6715681175645 13.2926185516943

# Catch 
0 0 0 0 0 0 0 0 0 0
0 0 0 0 0 0 0 0 0 0
0 0 0 0 0 0 0 0 0 0
0 0 0 0 0 0 0 0 0 0
0 0 0 0 0 0 0 0 0 0
0 0 0 0 0 0 0 0 0 0
0 0 0 0 0 0 0 0 0 0
0 0 0 0 0 0 0 0 0 0
0 0 0 0 0 0 0 0 0 0
0 0 0 0 0 0 0 0 0 0
0 0 0 0 0 0 0 0 0 0
0 0 0 0 0 0 0 0 0 0
0 0 0 0 0 0 0 0 0 0
0 0 0 0 0 0 0 0 0 0
0 0 0 0 0 0 0 0 0 0
0 0 0 0 0 0 0 0 0 0
0.126220609774294 0.135506584003235 0.163581932691213 0.190857222689835 0.190332739770768 0.232885165202471 0.135662625918221 0.0441357574294249 0.0157939726610056 0.00484409911906079
0.00271709113423531 0.0239184227839809 0.144261907901204 0.32591701343119 0.254319250720567 0.234517111319584 0.152568050640428 0.0696374187829424 0.0200403019245588 0.00416488414618003
0.0103919564073723 0.0266982999206428 0.0865645000864981 0.25912076596294 0.441229867366964 0.268079347962887 0.112248092573888 0.0562563500582327 0.0147960629884962 0.00332660626827999
0.000503834283094856 0.00891497966888423 0.0656916104886945 0.204436879977226 0.303710751653291 0.311256335612306 0.144706069034446 0.0613504910077308 0.0170801140838001 0.00227069474046232
0.00133836140589589 0.00887557997198022 0.0410153551606673 0.161743690118775 0.268224861428824 0.261646796921650 0.142673833192088 0.0680933617931324 0.0169555778763807 0.00189179362917520
0.00150516135327916 0.0146705794083658 0.0817626538093231 0.218110535162843 0.165066367297443 0.229519723180708 0.163875958447189 0.0637800772965642 0.0165531345755718 0.00197996568477377
0.00079426895626314 0.00791302185826753 0.0465619118362633 0.126077288915549 0.164685833616157 0.190210447433575 0.128066342089048 0.06366928179017 0.0182121490257971 0.00190745201332116
0.00155234602480515 0.0190106542553636 0.111657924016492 0.284235074963047 0.214679753322949 0.200678926119074 0.139104474850188 0.0807533842845145 0.0278842909887941 0.0090756354003991
0.00021116185079751 0.00559802722411936 0.0402038596376811 0.139573664191109 0.170820771244941 0.213090504536612 0.146201326307775 0.0788329822550808 0.0248261723896227 0.0038487415020024
0.00105720360280555 0.00971076599385757 0.0468481641582882 0.133544704636943 0.192821234690806 0.246930478609322 0.175755983720665 0.0844599057713702 0.0231814220281765 0.00294950942574056
0.00173160268697169 0.00758429634667898 0.0326155033483467 0.0921373634471349 0.129530323207949 0.19916882524863 0.149855465656382 0.0727827416390436 0.0170921057685814 0.00231518020599661
0.000950471493961758 0.00543737512634028 0.0273757511598782 0.077150614142546 0.111071269017429 0.165615292926678 0.131014168257150 0.0769927561303214 0.016964699202991 0.00181629564792159
0.000360295059705207 0.0023642918868564 0.0127943292064822 0.0503723910933355 0.0905662231589172 0.135472331687021 0.0988826726237004 0.0521299701412968 0.0119791907692087 0.00107927396104411
0.000167321595176374 0.00219348811766136 0.0133718280186053 0.0397769069474972 0.0597164080336902 0.107414301451309 0.0883732994927355 0.0475333273909456 0.0107851528326368 0.00113774994571384

# TotFIC1 
 0.25332 0.22109 0.4209671 0.6124352 0.6914333 0.3322008 0.2431692 0.2375365 0.3072657 0.1645088 0.5106838 0.3771627 0.2369728 0.4321396 0.3065819 0.3986394 0.2544803 0.5225489 0.3561053 0.2134762 0.3204176 0.535326 0.6094 0.8361 0.91413 0.51654 0.44543 0.44518 0.2529 0.38162 

# TotFIC2 
 0.3931344 0.5999605 0.6330438 0.7280212 0.4134737 0.6451506 0.3792405 0.4588861 0.4379011 0.3916336 0.2647527 0.3916266 0.4180505 0.6428694 0.5895647 0.5744649 0.910155 0.6706139 0.3986361 0.3869041 0.4467286 0.7126 1.2376 0.88914 1.01063 0.98311 0.48703 0.57755 0.56419 0.37869 

# M1seg 
 0.3 0.3 0.3 0.3 0.3 0.3 0.3 0.3 0.3 0.3 

# SurveyCatch_1 
0.00792925757575758 0.0220593157854113 0.0264927193098286 0.0513186730842036 0.0351108217790876 0.0203770027349529 0.0243134286402731 0.0345819496184771 0.0247573076624844 0.00637952380952381
0.011952323010323 0.0252048562575977 0.0345189739056603 0.0307901451693270 0.0201905053908758 0.0192655817922844 0.0274656116607254 0.0168760408431842 0.0171886762557366 0.0176372857142857
0.002611194998335 0.0233484176689198 0.0901966103291803 0.110722842275372 0.0633702294513511 0.0396675045544373 0.0234911424250987 0.0249127364682929 0.0290146905099648 0.0136317663190476
0.0104132438211788 0.0225202458553179 0.0685879229909386 0.138337446645645 0.173530856747173 0.0773333254699108 0.0360060360179485 0.024152786313893 0.0326737541856132 0.0288796219523810
0.0220319335298035 0.0425884948010123 0.107468760423477 0.12855338992248 0.125123362018547 0.117890316136311 0.0414316268174504 0.0247120881030550 0.0286559647145299 0.0529773835333333
0.00992229354112554 0.0173808301899872 0.0453712731985493 0.0492168594873649 0.0514547871967739 0.065416619662403 0.0328562378204145 0.0209225208319531 0.0242548949285714 0.0154045021428571
0.00193115734265734 0.0154051661303494 0.0476769994081415 0.0122522384682463 0.0213366439514491 0.0285003846133966 0.0279732601086500 0.0493770216309559 0.0358998463461538 0.00281646
0.00418770931818182 0.00669377430226944 0.0144278906072563 0.0262531270001898 0.0462227679523475 0.0328837491420266 0.0443134645152631 0.0364331335037352 0.0111372215634921 0.0149836430952381
0.00736122933982684 0.00946651871649549 0.0232431608358737 0.0457730515821355 0.0539898896883932 0.046157022627642 0.0512757641240471 0.0207984050802951 0.0188133892910053 0.0303872267142857
0.00329916567099567 0.00992100123036038 0.0190281369179383 0.0195289338253630 0.00334003684724218 0.0185330225400049 0.0342622657521744 0.0164233811297142 0.0238212147528736 0.0163516533333333
0.0100658668881119 0.0373999109032423 0.137666823614683 0.132455207007181 0.0448201657734306 0.0461086349000778 0.041505834196208 0.0391743494615391 0.00892266125552608 0.01256431
0.0273788776443556 0.0263870831797309 0.0334620461038683 0.0849868084388728 0.112174435231833 0.0244219793816878 0.0390665819753288 0.0194840297684601 0.00980088827586207 0
0.00464234355577756 0.0141273520400103 0.0190623519364320 0.0261384204040632 0.0539153003521953 0.0505828171576209 0.0218410828737426 0.0169967377875555 0.0200296480354599 0.00963674785714286
0.0175648529470529 0.0493651054046116 0.0978546885586794 0.104081795704766 0.0485719193286537 0.0301460969679812 0.047615841951261 0.0215729109446867 0.00728553519230769 0.00808085
0.00740078536130536 0.032542616892485 0.0681076269360232 0.0768449189875833 0.0656619888360672 0.0229078868220543 0.0130548700707316 0.00447082199375 0.0074084731 0.00818192
0.0383103841636697 0.0359070777919601 0.0378238819172306 0.0637792262607403 0.124875833027229 0.0596868560320463 0.0195038700038790 0.0119794301825558 0.00504990862068965 0.00172291
0.0151511792838828 0.0280049428847984 0.0236916082828233 0.0573677552421224 0.05774330982554 0.0321906324685669 0.025866866710679 0.00158948656084656 0.0114826917407407 0.001391828
0.0205723077022977 0.0604835704814462 0.098421875052243 0.121117714305116 0.0539852773134409 0.0622701025987178 0.058820026760716 0.0402679935711677 0.00660999221485411 0
0.0128655765493839 0.0154234534674349 0.019862234929093 0.0941848377948353 0.121762193905421 0.0491755695885615 0.0348522660993720 0.00659268283831195 0.00138647482758621 0
0.0117285691025641 0.0100680707347627 0.0351638797143454 0.0787071759410748 0.0550031005257356 0.00570372801878451 0.00135103931692008 0.0118786037569240 0.00387201888888889 0
0.0397889318891109 0.0747404258484353 0.0383735721541946 0.066917773732626 0.0430330465130623 0.0264011507467092 0.0249996118621619 0.00616308925369979 0 0
0.0283929356015651 0.0732507591266785 0.108391163855535 0.126803074133603 0.0664380256824976 0.046720566018222 0.0449922192560373 0.0377024783258613 0.002634804 0
0.0223792007992008 0.0906323729042274 0.162358629681260 0.156878068268334 0.084201480420425 0.0433975752021319 0.0184525401688527 0.0217621695926052 0.00933796296296296 0
0.107568043623044 0.181554163384232 0.161169364701082 0.158056718533224 0.110708366662171 0.0518373458671203 0.0246452958962320 0.0331766353988295 0.00681978021978022 0.000564285714285714
0.0307955672660673 0.0705257245485568 0.179213558135614 0.283175296791428 0.206051306105779 0.104895940549159 0.0330303843811734 0.00644222222222222 0 0
0.0242185021645022 0.0231024386147320 0.0223884648352854 0.0737645027081089 0.139223552172521 0.111203761305677 0.0786678683894421 0.0318077373959383 0.0104831724137931 0.00168
0.0427646052281052 0.0405628915848869 0.045438534867421 0.042396101729041 0.0707217319254364 0.0786252555444957 0.0734459847229194 0.0360931455029109 0.0153817488947834 0
0.0223077587412587 0.033618700812328 0.059898982554089 0.0601368810546479 0.098842864263 0.103349764739429 0.0563623415219528 0.0106627063132945 0 0
0.00286451881451881 0.0136653943331227 0.0234792225820101 0.0490705870856566 0.0601785169224588 0.0437672517071295 0.036209252144847 0.0132997948717949 0.00396546153846154 0.0064
0.0367197019647020 0.0447366131804716 0.0623205012307587 0.0395082063790432 0.0781421972168984 0.0644906239562385 0.0147873621856489 0.0348757938862386 0.006039 0

# SurveyCatch_2 
0.00948537728704629 0.0176657400883755 0.0250273178578221 0.0251145531649730 0.0296333671325282 0.0501003658576368 0.0761032369272528 0.0816605688231139 0.0388880670707753 0.0394557887904762
0.0182186846653347 0.0717762874481707 0.104282564014468 0.0672835433639365 0.0528995076333942 0.0594214653234797 0.0603704000748343 0.0631308274251771 0.0637058609559668 0.0388713160952381
0.0146791912930403 0.0267276514192842 0.077774376744647 0.181463840528444 0.0646906787420151 0.0755333505182399 0.0622940164209226 0.0453484315994586 0.0476477750196623 0.0368844957142857
0.0203837354448052 0.0560750878877493 0.121411372396190 0.129004720573736 0.139034190828199 0.116415992446596 0.0712029188081972 0.0389525352766622 0.0265941993378647 0.008946448
0.0133977573646354 0.05861274500905 0.121830925745915 0.0720058278173162 0.05974506662594 0.0304296019498163 0.0211740097848474 0.0212308572409411 0.0101770094615385 0.004869865
0.0206380148705961 0.0606007869388074 0.0605762544307552 0.0843912650430289 0.121922869961586 0.152904313529189 0.0868826710520237 0.0336666481099114 0.0141361427307692 0.00943166933333333
0.0177685054632035 0.020843598503486 0.0183424349981453 0.0452275004614756 0.0467415161938801 0.0748378871462002 0.0757279738417547 0.0286243180661841 0.0369200686590038 0.0142067166666667
0.0135109131804862 0.0502062997317102 0.0651698744397621 0.0769653017483265 0.0663632047054677 0.0828676247484826 0.0508064456664692 0.0209758475202398 0.0198152854019129 0.0122053028571429
0.0107380293943556 0.0395657103260342 0.0710011426598957 0.0677268904425242 0.0576232709699952 0.059945614355548 0.0561837459658757 0.0466165664428006 0.0235080054429708 0.00499214
0.0448351567221112 0.106273277605287 0.0863051351341228 0.0456834098546067 0.0255510858485308 0.0412193478163633 0.0224515259078672 0.00714081682539683 0.00992704238095238 0.00224676190476190
0.00912658602930403 0.00435347751008199 0.0242506871087897 0.069225381041321 0.0362566436533759 0.0362690667448913 0.0269689331637413 0.0253473125818281 0.0314834008333333 0.00147121333333333
0.0463089810321345 0.0382810476608831 0.0414832057046481 0.0536934016692404 0.134887143121368 0.037445622316573 0.00810687141578805 0.00944993585714286 0.0160955745555556 0.00587480666666667
0.06411088603996 0.0923404292087846 0.0829906075408843 0.0482535241435073 0.0466194916747658 0.0400449847108819 0.0233360964218354 0.0137012034961918 0.00665323676318892 0
0.0576951487321012 0.122751164216933 0.159428841628391 0.116385067065158 0.0764514919234242 0.0569593110506894 0.0268254267488736 0.0116315105756808 0.0134731287254151 0.00126835733333333
0.085123854504662 0.0757829558362941 0.155606822662986 0.0924995479157901 0.0968493662361443 0.0350838359074235 0.0158159990252024 0.0245907529705474 0.007935512083807 0.000276042857142857
0.159279868087246 0.104512358025100 0.0923410094952148 0.0827281308940786 0.0637034153917794 0.0446089980069435 0.00755210731333758 0.0108499811709155 0.00888907161538461 0
0.19941718487013 0.237791671173961 0.196079677532785 0.115839968266747 0.0704017575269565 0.0542091551027968 0.0240430261717844 0.00420280935483871 0.00588066 0.00228918
0.0539985514935065 0.0855238745146323 0.124837678456271 0.213468763994020 0.0912702415125985 0.047234263996094 0.0206409760784648 0.0136710949434234 0.0194063822967033 0.000562100714285714
0.0205115279350649 0.0203474185565533 0.0472356344978644 0.108548252987300 0.103251757214077 0.0649593393123437 0.0243886589839767 0.00311774876923077 0.00432926574358974 0.001946476
0.0574324308766234 0.0194749929350799 0.0270242005590623 0.086086589224801 0.0761353226330527 0.0746833459070743 0.0342327088320483 0.00961063260368663 0.00202167857142857 0.000202167857142857
0.0654945804838495 0.0552930152809156 0.0887761433990165 0.0582060096698635 0.062893970813858 0.0522537817353793 0.0480001880607095 0.0117755155564081 0.004035375 0
0.151590384615385 0.14620756251331 0.150969531596493 0.161271464845277 0.0468629985015702 0.0353139229986466 0.00684387401698798 0.0125471574640547 0.000993103448275862 0
0.188511242091242 0.229335711048572 0.292346989713188 0.231890551565905 0.137474948986730 0.0595702851047486 0.0510388008077259 0.0308565703969872 0.0165749002849003 0
0.0568040266400267 0.0828154971887208 0.201736518574510 0.214849363136596 0.178523150327673 0.078156191249472 0.052290182961513 0.0163481468445650 0.00761692307692308 0
0.138095216283716 0.105651724249790 0.137369980410157 0.163933596556018 0.225606229518689 0.159389727171 0.0531110374940628 0.0162130065052753 0.0109587675255779 0.000300714285714286
0.210149000499500 0.213749234462218 0.0848625012846973 0.102971210481597 0.133581336892722 0.158056201880498 0.0512302114449665 0.0208692774127754 0.00764102564102564 0
0.080625986013986 0.0746560924905711 0.075955734933119 0.0427708173049453 0.0621798245652593 0.0951092771239614 0.0432034096043671 0.0103044135193462 0.00222444444444444 0
0.0869792217782218 0.0439634660705298 0.101815493393509 0.09375489845958 0.103546176009087 0.0882379011620758 0.0410195677210489 0.0115422409231892 0.00669103448275862 0
0.106849501332001 0.0588787362715024 0.0352871946618576 0.0829373105872045 0.132881814142698 0.0877117826492891 0.036761678036136 0.0165962680335968 0.00571428571428571 0.000571428571428571
0.0110748018648019 0.0359484149118607 0.0897266567018905 0.075256857818518 0.042353055358638 0.057695369296218 0.0385775734784732 0.019877814336178 0.00629945623342175 0.00188

# Eof 
 54321 

