# "WinterSkate.dat" produced by dat_write() from ADMButils; Mon Aug 15 16:32:21 2011
# Getting close? 

# Nsp 
 1 

# nFIC 
 2 

# Fyr 
 1978 

# Lyr 
 2007 

# Nage 
 21 

# Nlenbins 
 87 

# nMseg 
 1 

# Nseg 
 1 

# AgePartRect 
 1 

# AgeFullRect 
 4 

# Survey_AgeFullRect 
 4 

# FICs_lage 
 1 

# M1yr 
 1978 

# TCwt 
 150 

# CPwt 
 0 

# Bwt 
 1e+15 

# Ywt 
 10 

# Rwt 
 100 

# Rwt2 
 500 

# Bthres 
 1e-07 

# Rthres 
 1 

# TSwt 
 350 350 

# SPwt 
 125 125 

# iM2 
 0 0 0 0 0 0 0 0 0 0 0 0 0 0 0 0 0 0 0 0 0 

# fic_fage 
 1 1 

# fic_lage 
 21 21 

# FICmonth 
 4 10 

# FICyr 
 0 

# TotCatch 
 38.60351 40.98415 42.67009 43.92562 40.17587 54.30163 52.42132 42.59285 47.60039 48.63911 51.91549 44.25467 66.62677 39.32968 35.08283 25.15530 30.92496 22.79993 26.62372 17.25297 24.60263 15.31055 19.66659 19.95184 20.64366 19.87297 24.57395 20.24079 20.5855 29.33365 

# WtAtAge 
0.0702103805905406 0.160571647314638 0.298863616382693 0.488066224828941 0.728242713562988 1.01725727491944 1.35141221078752 1.72598153192242 2.13564047602502 2.57480016608483 3.03786027912241 3.51939325787662 4.01427282566607 4.51775816404878 5.0255435089096 5.533781333794 6.03908582792887 6.53852208634668 7.02958532249877 7.51017348310866 7.9785558751967
0.0702103805905406 0.160571647314638 0.298863616382693 0.488066224828941 0.728242713562988 1.01725727491944 1.35141221078752 1.72598153192242 2.13564047602502 2.57480016608483 3.03786027912241 3.51939325787662 4.01427282566607 4.51775816404878 5.0255435089096 5.533781333794 6.03908582792887 6.53852208634668 7.02958532249877 7.51017348310866 7.9785558751967
0.0702103805905406 0.160571647314638 0.298863616382693 0.488066224828941 0.728242713562988 1.01725727491944 1.35141221078752 1.72598153192242 2.13564047602502 2.57480016608483 3.03786027912241 3.51939325787662 4.01427282566607 4.51775816404878 5.0255435089096 5.533781333794 6.03908582792887 6.53852208634668 7.02958532249877 7.51017348310866 7.9785558751967
0.0702103805905406 0.160571647314638 0.298863616382693 0.488066224828941 0.728242713562988 1.01725727491944 1.35141221078752 1.72598153192242 2.13564047602502 2.57480016608483 3.03786027912241 3.51939325787662 4.01427282566607 4.51775816404878 5.0255435089096 5.533781333794 6.03908582792887 6.53852208634668 7.02958532249877 7.51017348310866 7.9785558751967
0.0702103805905406 0.160571647314638 0.298863616382693 0.488066224828941 0.728242713562988 1.01725727491944 1.35141221078752 1.72598153192242 2.13564047602502 2.57480016608483 3.03786027912241 3.51939325787662 4.01427282566607 4.51775816404878 5.0255435089096 5.533781333794 6.03908582792887 6.53852208634668 7.02958532249877 7.51017348310866 7.9785558751967
0.0702103805905406 0.160571647314638 0.298863616382693 0.488066224828941 0.728242713562988 1.01725727491944 1.35141221078752 1.72598153192242 2.13564047602502 2.57480016608483 3.03786027912241 3.51939325787662 4.01427282566607 4.51775816404878 5.0255435089096 5.533781333794 6.03908582792887 6.53852208634668 7.02958532249877 7.51017348310866 7.9785558751967
0.0702103805905406 0.160571647314638 0.298863616382693 0.488066224828941 0.728242713562988 1.01725727491944 1.35141221078752 1.72598153192242 2.13564047602502 2.57480016608483 3.03786027912241 3.51939325787662 4.01427282566607 4.51775816404878 5.0255435089096 5.533781333794 6.03908582792887 6.53852208634668 7.02958532249877 7.51017348310866 7.9785558751967
0.0702103805905406 0.160571647314638 0.298863616382693 0.488066224828941 0.728242713562988 1.01725727491944 1.35141221078752 1.72598153192242 2.13564047602502 2.57480016608483 3.03786027912241 3.51939325787662 4.01427282566607 4.51775816404878 5.0255435089096 5.533781333794 6.03908582792887 6.53852208634668 7.02958532249877 7.51017348310866 7.9785558751967
0.0702103805905406 0.160571647314638 0.298863616382693 0.488066224828941 0.728242713562988 1.01725727491944 1.35141221078752 1.72598153192242 2.13564047602502 2.57480016608483 3.03786027912241 3.51939325787662 4.01427282566607 4.51775816404878 5.0255435089096 5.533781333794 6.03908582792887 6.53852208634668 7.02958532249877 7.51017348310866 7.9785558751967
0.0702103805905406 0.160571647314638 0.298863616382693 0.488066224828941 0.728242713562988 1.01725727491944 1.35141221078752 1.72598153192242 2.13564047602502 2.57480016608483 3.03786027912241 3.51939325787662 4.01427282566607 4.51775816404878 5.0255435089096 5.533781333794 6.03908582792887 6.53852208634668 7.02958532249877 7.51017348310866 7.9785558751967
0.0702103805905406 0.160571647314638 0.298863616382693 0.488066224828941 0.728242713562988 1.01725727491944 1.35141221078752 1.72598153192242 2.13564047602502 2.57480016608483 3.03786027912241 3.51939325787662 4.01427282566607 4.51775816404878 5.0255435089096 5.533781333794 6.03908582792887 6.53852208634668 7.02958532249877 7.51017348310866 7.9785558751967
0.0702103805905406 0.160571647314638 0.298863616382693 0.488066224828941 0.728242713562988 1.01725727491944 1.35141221078752 1.72598153192242 2.13564047602502 2.57480016608483 3.03786027912241 3.51939325787662 4.01427282566607 4.51775816404878 5.0255435089096 5.533781333794 6.03908582792887 6.53852208634668 7.02958532249877 7.51017348310866 7.9785558751967
0.0702103805905406 0.160571647314638 0.298863616382693 0.488066224828941 0.728242713562988 1.01725727491944 1.35141221078752 1.72598153192242 2.13564047602502 2.57480016608483 3.03786027912241 3.51939325787662 4.01427282566607 4.51775816404878 5.0255435089096 5.533781333794 6.03908582792887 6.53852208634668 7.02958532249877 7.51017348310866 7.9785558751967
0.0702103805905406 0.160571647314638 0.298863616382693 0.488066224828941 0.728242713562988 1.01725727491944 1.35141221078752 1.72598153192242 2.13564047602502 2.57480016608483 3.03786027912241 3.51939325787662 4.01427282566607 4.51775816404878 5.0255435089096 5.533781333794 6.03908582792887 6.53852208634668 7.02958532249877 7.51017348310866 7.9785558751967
0.0702103805905406 0.160571647314638 0.298863616382693 0.488066224828941 0.728242713562988 1.01725727491944 1.35141221078752 1.72598153192242 2.13564047602502 2.57480016608483 3.03786027912241 3.51939325787662 4.01427282566607 4.51775816404878 5.0255435089096 5.533781333794 6.03908582792887 6.53852208634668 7.02958532249877 7.51017348310866 7.9785558751967
0.0702103805905406 0.160571647314638 0.298863616382693 0.488066224828941 0.728242713562988 1.01725727491944 1.35141221078752 1.72598153192242 2.13564047602502 2.57480016608483 3.03786027912241 3.51939325787662 4.01427282566607 4.51775816404878 5.0255435089096 5.533781333794 6.03908582792887 6.53852208634668 7.02958532249877 7.51017348310866 7.9785558751967
0.0702103805905406 0.160571647314638 0.298863616382693 0.488066224828941 0.728242713562988 1.01725727491944 1.35141221078752 1.72598153192242 2.13564047602502 2.57480016608483 3.03786027912241 3.51939325787662 4.01427282566607 4.51775816404878 5.0255435089096 5.533781333794 6.03908582792887 6.53852208634668 7.02958532249877 7.51017348310866 7.9785558751967
0.0702103805905406 0.160571647314638 0.298863616382693 0.488066224828941 0.728242713562988 1.01725727491944 1.35141221078752 1.72598153192242 2.13564047602502 2.57480016608483 3.03786027912241 3.51939325787662 4.01427282566607 4.51775816404878 5.0255435089096 5.533781333794 6.03908582792887 6.53852208634668 7.02958532249877 7.51017348310866 7.9785558751967
0.0702103805905406 0.160571647314638 0.298863616382693 0.488066224828941 0.728242713562988 1.01725727491944 1.35141221078752 1.72598153192242 2.13564047602502 2.57480016608483 3.03786027912241 3.51939325787662 4.01427282566607 4.51775816404878 5.0255435089096 5.533781333794 6.03908582792887 6.53852208634668 7.02958532249877 7.51017348310866 7.9785558751967
0.0702103805905406 0.160571647314638 0.298863616382693 0.488066224828941 0.728242713562988 1.01725727491944 1.35141221078752 1.72598153192242 2.13564047602502 2.57480016608483 3.03786027912241 3.51939325787662 4.01427282566607 4.51775816404878 5.0255435089096 5.533781333794 6.03908582792887 6.53852208634668 7.02958532249877 7.51017348310866 7.9785558751967
0.0702103805905406 0.160571647314638 0.298863616382693 0.488066224828941 0.728242713562988 1.01725727491944 1.35141221078752 1.72598153192242 2.13564047602502 2.57480016608483 3.03786027912241 3.51939325787662 4.01427282566607 4.51775816404878 5.0255435089096 5.533781333794 6.03908582792887 6.53852208634668 7.02958532249877 7.51017348310866 7.9785558751967
0.0702103805905406 0.160571647314638 0.298863616382693 0.488066224828941 0.728242713562988 1.01725727491944 1.35141221078752 1.72598153192242 2.13564047602502 2.57480016608483 3.03786027912241 3.51939325787662 4.01427282566607 4.51775816404878 5.0255435089096 5.533781333794 6.03908582792887 6.53852208634668 7.02958532249877 7.51017348310866 7.9785558751967
0.0702103805905406 0.160571647314638 0.298863616382693 0.488066224828941 0.728242713562988 1.01725727491944 1.35141221078752 1.72598153192242 2.13564047602502 2.57480016608483 3.03786027912241 3.51939325787662 4.01427282566607 4.51775816404878 5.0255435089096 5.533781333794 6.03908582792887 6.53852208634668 7.02958532249877 7.51017348310866 7.9785558751967
0.0702103805905406 0.160571647314638 0.298863616382693 0.488066224828941 0.728242713562988 1.01725727491944 1.35141221078752 1.72598153192242 2.13564047602502 2.57480016608483 3.03786027912241 3.51939325787662 4.01427282566607 4.51775816404878 5.0255435089096 5.533781333794 6.03908582792887 6.53852208634668 7.02958532249877 7.51017348310866 7.9785558751967
0.0702103805905406 0.160571647314638 0.298863616382693 0.488066224828941 0.728242713562988 1.01725727491944 1.35141221078752 1.72598153192242 2.13564047602502 2.57480016608483 3.03786027912241 3.51939325787662 4.01427282566607 4.51775816404878 5.0255435089096 5.533781333794 6.03908582792887 6.53852208634668 7.02958532249877 7.51017348310866 7.9785558751967
0.0702103805905406 0.160571647314638 0.298863616382693 0.488066224828941 0.728242713562988 1.01725727491944 1.35141221078752 1.72598153192242 2.13564047602502 2.57480016608483 3.03786027912241 3.51939325787662 4.01427282566607 4.51775816404878 5.0255435089096 5.533781333794 6.03908582792887 6.53852208634668 7.02958532249877 7.51017348310866 7.9785558751967
0.0702103805905406 0.160571647314638 0.298863616382693 0.488066224828941 0.728242713562988 1.01725727491944 1.35141221078752 1.72598153192242 2.13564047602502 2.57480016608483 3.03786027912241 3.51939325787662 4.01427282566607 4.51775816404878 5.0255435089096 5.533781333794 6.03908582792887 6.53852208634668 7.02958532249877 7.51017348310866 7.9785558751967
0.0702103805905406 0.160571647314638 0.298863616382693 0.488066224828941 0.728242713562988 1.01725727491944 1.35141221078752 1.72598153192242 2.13564047602502 2.57480016608483 3.03786027912241 3.51939325787662 4.01427282566607 4.51775816404878 5.0255435089096 5.533781333794 6.03908582792887 6.53852208634668 7.02958532249877 7.51017348310866 7.9785558751967
0.0702103805905406 0.160571647314638 0.298863616382693 0.488066224828941 0.728242713562988 1.01725727491944 1.35141221078752 1.72598153192242 2.13564047602502 2.57480016608483 3.03786027912241 3.51939325787662 4.01427282566607 4.51775816404878 5.0255435089096 5.533781333794 6.03908582792887 6.53852208634668 7.02958532249877 7.51017348310866 7.9785558751967
0.0702103805905406 0.160571647314638 0.298863616382693 0.488066224828941 0.728242713562988 1.01725727491944 1.35141221078752 1.72598153192242 2.13564047602502 2.57480016608483 3.03786027912241 3.51939325787662 4.01427282566607 4.51775816404878 5.0255435089096 5.533781333794 6.03908582792887 6.53852208634668 7.02958532249877 7.51017348310866 7.9785558751967

# AgeLengthKey 
0.6826923 0.2043872 0.0250159 0.0019236 0.0001543 1.58e-05 2.2e-06 4e-07 1e-07 0 0 0 0 0 0 0 0 0 0 0 0
0.2305052 0.2014593 0.0376237 0.0034883 0.0003051 3.26e-05 4.5e-06 8e-07 2e-07 0 0 0 0 0 0 0 0 0 0 0 0
0.0663743 0.1801649 0.05291 0.0060166 0.00058 6.48e-05 9.1e-06 1.6e-06 4e-07 1e-07 0 0 0 0 0 0 0 0 0 0 0
0.0162992 0.1461847 0.069574 0.0098703 0.00106 0.000125 1.81e-05 3.3e-06 7e-07 2e-07 1e-07 0 0 0 0 0 0 0 0 0 0
0.0034132 0.1076171 0.0855437 0.0154012 0.0018623 0.0002333 3.48e-05 6.4e-06 1.4e-06 4e-07 1e-07 0 0 0 0 0 0 0 0 0 0
0.0006095 0.07188 0.0983471 0.0228569 0.0031454 0.0004217 6.51e-05 1.21e-05 2.7e-06 7e-07 2e-07 1e-07 0 0 0 0 0 0 0 0 0
9.28e-05 0.0435593 0.1057225 0.0322645 0.0051072 0.000738 0.0001187 2.26e-05 5.1e-06 1.4e-06 4e-07 1e-07 1e-07 0 0 0 0 0 0 0 0
1.2e-05 0.0239495 0.1062689 0.0433187 0.0079718 0.0012505 0.0002105 4.1e-05 9.4e-06 2.5e-06 8e-07 3e-07 1e-07 0 0 0 0 0 0 0 0
1.3e-06 0.0119469 0.0998797 0.0553183 0.0119621 0.0020516 0.0003633 7.29e-05 1.7e-05 4.6e-06 1.4e-06 5e-07 2e-07 1e-07 0 0 0 0 0 0 0
1e-07 0.005407 0.0877771 0.0671901 0.0172558 0.0032591 0.0006102 0.0001265 3.01e-05 8.2e-06 2.6e-06 9e-07 4e-07 2e-07 1e-07 0 0 0 0 0 0
0 0.0022202 0.0721302 0.077622 0.0239298 0.0050127 0.0009972 0.0002143 5.2e-05 1.44e-05 4.5e-06 1.6e-06 6e-07 3e-07 1e-07 1e-07 0 0 0 0 0
0 0.0008271 0.0554225 0.085292 0.031902 0.0074651 0.0015861 0.0003547 8.82e-05 2.48e-05 7.9e-06 2.8e-06 1.1e-06 5e-07 2e-07 1e-07 1e-07 0 0 0 0
0 0.0002795 0.0398186 0.0891405 0.0408859 0.0107641 0.0024549 0.0005734 0.0001466 4.19e-05 1.34e-05 4.8e-06 1.9e-06 8e-07 4e-07 2e-07 1e-07 1e-07 0 0 0
0 8.57e-05 0.0267497 0.0886105 0.0503739 0.0150281 0.0036975 0.0009055 0.0002384 6.95e-05 2.26e-05 8.1e-06 3.2e-06 1.4e-06 7e-07 3e-07 2e-07 1e-07 1e-07 0 0
0 2.38e-05 0.0168028 0.0837797 0.0596642 0.0203147 0.0054196 0.0013966 0.00038 0.0001131 3.72e-05 1.35e-05 5.4e-06 2.4e-06 1.1e-06 6e-07 3e-07 2e-07 1e-07 1e-07 0
0 6e-06 0.009869 0.0753417 0.0679357 0.0265889 0.0077303 0.0021041 0.0005932 0.0001807 6.04e-05 2.22e-05 8.9e-06 3.9e-06 1.8e-06 9e-07 5e-07 3e-07 2e-07 1e-07 1e-07
0 1.4e-06 0.00542 0.064443 0.0743633 0.0336956 0.01073 0.0030963 0.0009071 0.0002835 9.63e-05 3.58e-05 1.45e-05 6.4e-06 3e-06 1.5e-06 8e-07 5e-07 3e-07 2e-07 1e-07
0 3e-07 0.0027832 0.0524276 0.078252 0.0413454 0.0144938 0.0044506 0.0013586 0.0004365 0.0001512 5.69e-05 2.32e-05 1.03e-05 4.9e-06 2.5e-06 1.3e-06 8e-07 5e-07 3e-07 2e-07
0 1e-07 0.0013364 0.0405683 0.0791605 0.0491206 0.0190519 0.0062485 0.0019931 0.0006598 0.0002333 8.9e-05 3.67e-05 1.63e-05 7.8e-06 4e-06 2.2e-06 1.2e-06 7e-07 5e-07 3e-07
0 0 6e-04 0.0298577 0.0769836 0.0565044 0.0243709 0.0085688 0.0028642 0.0009791 0.0003539 0.0001372 5.72e-05 2.57e-05 1.23e-05 6.3e-06 3.4e-06 2e-06 1.2e-06 7e-07 5e-07
0 0 0.0002519 0.0209011 0.0719721 0.0629337 0.0303375 0.0114776 0.0040317 0.0014262 0.0005281 0.0002082 8.79e-05 3.98e-05 1.92e-05 9.9e-06 5.4e-06 3.1e-06 1.9e-06 1.2e-06 8e-07
0 0 9.89e-05 0.0139163 0.0646855 0.0678683 0.0367505 0.0150167 0.0055588 0.0020395 0.000775 0.0003112 0.0001332 6.08e-05 2.96e-05 1.53e-05 8.3e-06 4.8e-06 2.9e-06 1.8e-06 1.2e-06
0 0 3.63e-05 0.008813 0.0558889 0.0708651 0.0433235 0.0191904 0.0075073 0.002863 0.0011183 0.0004581 0.0001989 9.18e-05 4.5e-05 2.34e-05 1.28e-05 7.4e-06 4.5e-06 2.9e-06 1.9e-06
0 0 1.25e-05 0.0053084 0.0464216 0.0716441 0.0497003 0.0239542 0.0099311 0.0039454 0.0015869 0.0006641 0.0002928 0.0001367 6.76e-05 3.53e-05 1.95e-05 1.13e-05 6.9e-06 4.4e-06 2.9e-06
0 0 4e-06 0.0030412 0.0370673 0.0701311 0.0554843 0.0292057 0.0128685 0.0053373 0.0022144 0.000948 0.0004251 0.000201 0.0001003 5.28e-05 2.93e-05 1.7e-05 1.04e-05 6.6e-06 4.4e-06
0 0 1.2e-06 0.0016572 0.0284537 0.0664696 0.0602778 0.0347811 0.0163331 0.007088 0.0030387 0.0013326 0.0006084 0.0002915 0.000147 7.8e-05 4.35e-05 2.54e-05 1.56e-05 1e-05 6.6e-06
0 0 3e-07 0.0008589 0.0209972 0.0609983 0.0637265 0.0404581 0.020306 0.0092403 0.0041006 0.0018448 0.0008586 0.0004174 0.0002128 0.0001139 6.39e-05 3.76e-05 2.31e-05 1.48e-05 9.9e-06
0 0 1e-07 0.0004234 0.0148957 0.0541995 0.065563 0.0459682 0.024728 0.0118254 0.0054417 0.002515 0.0011945 0.0005897 0.0003043 0.0001643 9.29e-05 5.49e-05 3.39e-05 2.18e-05 1.46e-05
0 0 0 0.0001985 0.0101587 0.0466288 0.0656407 0.0510149 0.0294963 0.0148564 0.0071014 0.0033765 0.0016384 0.0008223 0.0004297 0.0002344 0.0001336 7.95e-05 4.93e-05 3.18e-05 2.14e-05
0 0 0 8.85e-05 0.0066602 0.0388415 0.0639534 0.0553001 0.0344634 0.018322 0.0091133 0.0044642 0.0022157 0.0011316 0.0005994 0.0003304 0.0001899 0.0001137 7.09e-05 4.6e-05 3.1e-05
0 0 0 3.76e-05 0.0041977 0.0313271 0.0606359 0.0585521 0.0394423 0.022182 0.0115009 0.0058123 0.0029543 0.0015368 0.0008257 0.0004604 0.0002669 0.000161 0.000101 6.58e-05 4.45e-05
0 0 0 1.51e-05 0.0025434 0.0244639 0.0559463 0.0605546 0.0442158 0.0263629 0.014273 0.0074523 0.0038836 0.0020596 0.0011235 0.000634 0.0003711 0.0002256 0.0001424 9.33e-05 6.33e-05
0 0 0 5.8e-06 0.0014815 0.0184975 0.050233 0.0611703 0.0485518 0.0307575 0.017419 0.0094097 0.0050334 0.0027242 0.00151 0.000863 0.0005103 0.0003128 0.0001987 0.0001309 8.93e-05
0 0 0 2.1e-06 0.0008296 0.013542 0.0438917 0.0603563 0.052221 0.0352269 0.0209052 0.0117004 0.0064318 0.0035559 0.0020044 0.001161 0.000694 0.000429 0.0002746 0.0001819 0.0001247
0 0 0 7e-07 0.0004466 0.0095992 0.0373208 0.0581691 0.0550171 0.0396063 0.0246723 0.0143272 0.0081031 0.0045806 0.0026279 0.0015437 0.0009333 0.0005823 0.0003755 0.0002504 0.0001725
0 0 0 2e-07 0.0002311 0.0065883 0.0308813 0.0547585 0.0567757 0.0437139 0.0286345 0.0172767 0.0100649 0.0058233 0.003403 0.0020288 0.0012413 0.0007821 0.0005085 0.0003412 0.0002363
0 0 0 1e-07 0.000115 0.0043781 0.0248666 0.0503499 0.0573904 0.0473632 0.0326808 0.0205164 0.0123257 0.007306 0.0043524 0.0026352 0.0016327 0.0010394 0.0006815 0.0004606 0.0003209
0 0 0 0 5.5e-05 0.002817 0.0194856 0.0452203 0.0568236 0.0503764 0.0366793 0.0239927 0.014882 0.009046 0.0054981 0.0033832 0.0021239 0.0013668 0.0009041 0.0006156 0.0004316
0 0 0 0 2.53e-05 0.001755 0.0148588 0.0396695 0.05511 0.0525993 0.0404831 0.027631 0.0177155 0.0110534 0.00686 0.004293 0.0027324 0.0017784 0.0011875 0.0008149 0.0005751
0 0 0 0 1.12e-05 0.0010586 0.0110264 0.0339914 0.0523534 0.0539135 0.0439391 0.0313367 0.0207918 0.0133292 0.0084538 0.0053842 0.0034764 0.0022895 0.0015439 0.0010682 0.0007591
0 0 0 0 4.7e-06 0.0006183 0.0079626 0.0284492 0.048716 0.0542477 0.0468978 0.0349984 0.0240587 0.0158626 0.0102898 0.0066742 0.0043743 0.0029166 0.001987 0.0013868 0.0009926
0 0 0 0 1.9e-06 0.0003496 0.0055957 0.0232573 0.0444028 0.0535835 0.0492241 0.038493 0.0274472 0.01863 0.0123702 0.0081772 0.0054433 0.0036763 0.0025316 0.0017828 0.0012859
0 0 0 0 8e-07 0.0001914 0.0038267 0.018571 0.0396425 0.0519572 0.0508075 0.0416922 0.0308723 0.0215932 0.0146882 0.0099021 0.0066987 0.0045852 0.003193 0.0022698 0.0016502
0 0 0 0 3e-07 0.0001015 0.0025467 0.0144844 0.0346677 0.0494569 0.0515706 0.0444699 0.034236 0.0246994 0.0172258 0.0118515 0.0081529 0.0056586 0.0039866 0.0028618 0.002098
0 0 0 0 1e-07 5.21e-05 0.0016493 0.0110346 0.0296962 0.046214 0.0514755 0.0467108 0.0374319 0.0278818 0.0199532 0.0140199 0.0098132 0.0069099 0.0049272 0.0035733 0.0026423
0 0 0 0 0 2.59e-05 0.0010395 0.008211 0.0249166 0.0423922 0.050527 0.0483177 0.0403502 0.0310614 0.0228279 0.0163922 0.0116813 0.008349 0.0060284 0.0044185 0.0032968
0 0 0 0 0 1.25e-05 0.0006375 0.005968 0.0204781 0.0381736 0.048772 0.0492192 0.0428838 0.0341497 0.0257953 0.0189432 0.0137516 0.0099817 0.0073015 0.0054106 0.004075
0 0 0 0 0 5.8e-06 0.0003805 0.0042369 0.0164855 0.0337448 0.0462959 0.0493744 0.0449351 0.0370526 0.0287896 0.0216367 0.0160103 0.0118081 0.0087542 0.0065613 0.0049899
0 0 0 0 0 2.6e-06 0.000221 0.002938 0.0129995 0.0292831 0.0432153 0.0487762 0.0464219 0.0396749 0.0317359 0.024426 0.0184343 0.0138218 0.0103902 0.0078797 0.006053
0 0 0 0 0 1.1e-06 0.0001249 0.00199 0.0100407 0.0249455 0.0396696 0.0474519 0.0472828 0.0419256 0.0345531 0.0272544 0.0209911 0.0160086 0.0122077 0.0093713 0.007274
0 0 0 0 0 5e-07 6.87e-05 0.0013165 0.0075965 0.0208609 0.0358099 0.0454608 0.047482 0.0437228 0.0371573 0.0300568 0.0236389 0.0183464 0.0141986 0.0110373 0.0086597
0 0 0 0 0 2e-07 3.68e-05 0.0008508 0.0056296 0.0171253 0.0317886 0.0428904 0.0470109 0.0449989 0.0394659 0.0327622 0.026327 0.0208043 0.0163479 0.0128736 0.0102131
0 0 0 0 0 1e-07 1.92e-05 0.000537 0.0040865 0.013801 0.0277501 0.0398494 0.0458894 0.0457048 0.0414018 0.0352959 0.0289973 0.0233433 0.0186327 0.01487 0.0119325
0 0 0 0 0 0 9.7e-06 0.0003311 0.0029056 0.0109181 0.0238222 0.0364605 0.0441643 0.0458128 0.0428981 0.0375837 0.031586 0.0259165 0.0210229 0.0170096 0.0138112
0 0 0 0 0 0 4.8e-06 0.0001994 0.0020237 0.0084791 0.0201105 0.032852 0.0419058 0.0453188 0.0439013 0.0395546 0.0340263 0.0284707 0.0234808 0.0192686 0.0158363
0 0 0 0 0 0 2.3e-06 0.0001173 0.0013805 0.0064643 0.0166951 0.0291501 0.0392032 0.044242 0.0443749 0.0411451 0.0362508 0.0309476 0.0259617 0.0216162 0.0179888
0 0 0 0 0 0 1.1e-06 6.74e-05 0.0009225 0.0048379 0.0136295 0.0254717 0.0361587 0.0426243 0.0443014 0.042302 0.0381946 0.033286 0.0284156 0.0240149 0.0202429
0 0 0 0 0 0 5e-07 3.78e-05 0.0006038 0.0035543 0.0109419 0.0219187 0.0328813 0.0405271 0.0436837 0.042986 0.0397986 0.0354244 0.0307879 0.0264214 0.0225666
0 0 0 0 0 0 2e-07 2.07e-05 0.0003871 0.0025634 0.0086384 0.0185741 0.0294802 0.0380276 0.0425442 0.0431733 0.0410125 0.0373035 0.0330223 0.0287875 0.024922
0 0 0 0 0 0 1e-07 1.11e-05 0.0002431 0.0018149 0.0067065 0.0155004 0.0260588 0.0352142 0.0409245 0.0428575 0.0417972 0.038869 0.0350618 0.0310616 0.0272662
0 0 0 0 0 0 0 5.8e-06 0.0001495 0.0012614 0.0051202 0.0127384 0.0227104 0.0321812 0.0388818 0.0420495 0.0421269 0.0400741 0.0368523 0.0331908 0.0295521
0 0 0 0 0 0 0 3e-06 9.01e-05 0.0008606 0.0038441 0.0103093 0.0195136 0.0290237 0.0364863 0.0407773 0.0419908 0.0408819 0.0383439 0.0351224 0.0317305
0 0 0 0 0 0 0 1.5e-06 5.32e-05 0.0005764 0.0028381 0.0082163 0.0165309 0.0258327 0.0338169 0.0390839 0.0413934 0.0412671 0.0394938 0.0368064 0.0337512
0 0 0 0 0 0 0 7e-07 3.07e-05 0.000379 0.0020606 0.0064486 0.013807 0.0226909 0.030957 0.0370254 0.0403543 0.0412177 0.0402684 0.0381975 0.0355652
0 0 0 0 0 0 0 3e-07 1.74e-05 0.0002446 0.0014712 0.0049842 0.0113696 0.0196697 0.0279901 0.0346677 0.0389073 0.0407352 0.0406444 0.0392573 0.0371265
0 0 0 0 0 0 0 2e-07 9.7e-06 0.000155 0.001033 0.0037937 0.0092307 0.0168272 0.024996 0.0320829 0.0370983 0.0398347 0.0406106 0.0399556 0.0383943
0 0 0 0 0 0 0 1e-07 5.2e-06 9.64e-05 0.0007132 0.0028436 0.0073888 0.0142066 0.0220474 0.0293457 0.0349832 0.0385444 0.040168 0.0402725 0.0393344
0 0 0 0 0 0 0 0 2.8e-06 5.89e-05 0.0004843 0.002099 0.0058311 0.0118368 0.0192072 0.02653 0.0326247 0.0369034 0.0393298 0.0401988 0.0399211
0 0 0 0 0 0 0 0 1.5e-06 3.53e-05 0.0003233 0.0015258 0.0045371 0.0097329 0.016527 0.0237057 0.0300896 0.0349605 0.0381211 0.0397365 0.0401381
0 0 0 0 0 0 0 0 7e-07 2.08e-05 0.0002123 0.0010922 0.0034805 0.007898 0.0140456 0.0209359 0.0274453 0.0327715 0.0365773 0.038899 0.0399792
0 0 0 0 0 0 0 0 4e-07 1.2e-05 0.0001371 0.00077 0.0026324 0.006325 0.0117899 0.0182749 0.0247572 0.0303963 0.0347423 0.0377104 0.0394489
0 0 0 0 0 0 0 0 2e-07 6.8e-06 8.7e-05 0.0005345 0.001963 0.0049988 0.0097746 0.0157666 0.022086 0.0278966 0.0326669 0.036204 0.038562
0 0 0 0 0 0 0 0 1e-07 3.8e-06 5.44e-05 0.0003654 0.0014432 0.0038989 0.0080041 0.0134445 0.0194856 0.0253331 0.030406 0.0344211 0.0373428
0 0 0 0 0 0 0 0 0 2.1e-06 3.34e-05 0.000246 0.0010461 0.0030011 0.0064735 0.0113312 0.0170018 0.0227632 0.0280163 0.032409 0.0358244
0 0 0 0 0 0 0 0 0 1.1e-06 2.02e-05 0.0001631 0.0007476 0.0022797 0.0051712 0.009439 0.0146709 0.0202387 0.0255544 0.030219 0.0340466
0 0 0 0 0 0 0 0 0 6e-07 1.2e-05 0.0001065 0.0005267 0.001709 0.0040801 0.0077715 0.0125199 0.0178049 0.023074 0.027904 0.0320548
0 0 0 0 0 0 0 0 0 3e-07 7e-06 6.85e-05 0.0003659 0.0012644 0.0031795 0.0063241 0.0105664 0.015499 0.0206243 0.0255168 0.0298976
0 0 0 0 0 0 0 0 0 2e-07 4e-06 4.34e-05 0.0002506 0.0009232 0.0024472 0.0050865 0.0088193 0.0133497 0.018249 0.0231078 0.027625
0 0 0 0 0 0 0 0 0 1e-07 2.3e-06 2.7e-05 0.0001692 0.0006652 0.0018604 0.0040436 0.0072799 0.0113775 0.0159846 0.0207236 0.0252867
0 0 0 0 0 0 0 0 0 0 1.3e-06 1.66e-05 0.0001127 0.000473 0.0013969 0.0031771 0.0059429 0.0095947 0.0138601 0.0184053 0.0229301
0 0 0 0 0 0 0 0 0 0 7e-07 1e-05 7.39e-05 0.000332 0.0010359 0.0024673 0.0047979 0.0080061 0.0118968 0.016188 0.0205988
0 0 0 0 0 0 0 0 0 0 4e-07 6e-06 4.79e-05 0.0002299 0.0007588 0.0018938 0.0038308 0.0066102 0.0101087 0.0141 0.0183317
0 0 0 0 0 0 0 0 0 0 2e-07 3.5e-06 3.05e-05 0.0001571 0.000549 0.0014367 0.0030249 0.0054003 0.0085029 0.0121623 0.0161617
0 0 0 0 0 0 0 0 0 0 1e-07 2e-06 1.92e-05 0.000106 0.0003923 0.0010773 0.0023622 0.0043654 0.00708 0.0103893 0.0141155
0 0 0 0 0 0 0 0 0 0 1e-07 1.2e-06 1.19e-05 7.06e-05 0.0002768 0.0007984 0.0018243 0.0034917 0.0058359 0.0087888 0.0122131
0 0 0 0 0 0 0 0 0 0 0 6e-07 7.3e-06 4.63e-05 0.000193 0.0005848 0.0013933 0.0027635 0.0047619 0.0073628 0.0104684
0 0 0 0 0 0 0 0 0 0 0 4e-07 4.4e-06 3e-05 0.0001329 0.0004234 0.0010525 0.0021641 0.0038464 0.0061085 0.0088891

# CatchLen 
0 0 0 0 0 0 0 0 0 0 0 0 0 0 0 0 0 0 0 0 0 0 0 0 0 0 0 0 0 0 0 0 0 0 0 0 0 0 0 0 0 0 0 0 0 0 0 0 0 0 0 0 0 0 0 0 0 0 0 0 0 0 0 0 0 0 0 0 0 0 0 0 0 0 0 0 0 0 0 0 0 0 0 0 0 0 0
0 0 0 0 0 0 0 0 0 0 0 0 0 0 0 0 0 0 0 0 0 0 0 0 0 0 0 0 0 0 0 0 0 0 0 0 0 0 0 0 0 0 0 0 0 0 0 0 0 0 0 0 0 0 0 0 0 0 0 0 0 0 0 0 0 0 0 0 0 0 0 0 0 0 0 0 0 0 0 0 0 0 0 0 0 0 0
0 0 0 0 0 0 0 0 0 0 0 0 0 0 0 0 0 0 0 0 0 0 0 0 0 0 0 0 0 0 0 0 0 0 0 0 0 0 0 0 0 0 0 0 0 0 0 0 0 0 0 0 0 0 0 0 0 0 0 0 0 0 0 0 0 0 0 0 0 0 0 0 0 0 0 0 0 0 0 0 0 0 0 0 0 0 0
0 0 0 0 0 0 0 0 0 0 0 0 0 0 0 0 0 0 0 0 0 0 0 0 0 0 0 0 0 0 0 0 0 0 0 0 0 0 0 0 0 0 0 0 0 0 0 0 0 0 0 0 0 0 0 0 0 0 0 0 0 0 0 0 0 0 0 0 0 0 0 0 0 0 0 0 0 0 0 0 0 0 0 0 0 0 0
0 0 0 0 0 0 0 0 0 0 0 0 0 0 0 0 0 0 0 0 0 0 0 0 0 0 0 0 0 0 0 0 0 0 0 0 0 0 0 0 0 0 0 0 0 0 0 0 0 0 0 0 0 0 0 0 0 0 0 0 0 0 0 0 0 0 0 0 0 0 0 0 0 0 0 0 0 0 0 0 0 0 0 0 0 0 0
0 0 0 0 0 0 0 0 0 0 0 0 0 0 0 0 0 0 0 0 0 0 0 0 0 0 0 0 0 0 0 0 0 0 0 0 0 0 0 0 0 0 0 0 0 0 0 0 0 0 0 0 0 0 0 0 0 0 0 0 0 0 0 0 0 0 0 0 0 0 0 0 0 0 0 0 0 0 0 0 0 0 0 0 0 0 0
0 0 0 0 0 0 0 0 0 0 0 0 0 0 0 0 0 0 0 0 0 0 0 0 0 0 0 0 0 0 0 0 0 0 0 0 0 0 0 0 0 0 0 0 0 0 0 0 0 0 0 0 0 0 0 0 0 0 0 0 0 0 0 0 0 0 0 0 0 0 0 0 0 0 0 0 0 0 0 0 0 0 0 0 0 0 0
0 0 0 0 0 0 0 0 0 0 0 0 0 0 0 0 0 0 0 0 0 0 0 0 0 0 0 0 0 0 0 0 0 0 0 0 0 0 0 0 0 0 0 0 0 0 0 0 0 0 0 0 0 0 0 0 0 0 0 0 0 0 0 0 0 0 0 0 0 0 0 0 0 0 0 0 0 0 0 0 0 0 0 0 0 0 0
0 0 0 0 0 0 0 0 0 0 0 0 0 0 0 0 0 0 0 0 0 0 0 0 0 0 0 0 0 0 0 0 0 0 0 0 0 0 0 0 0 0 0 0 0 0 0 0 0 0 0 0 0 0 0 0 0 0 0 0 0 0 0 0 0 0 0 0 0 0 0 0 0 0 0 0 0 0 0 0 0 0 0 0 0 0 0
0 0 0 0 0 0 0 0 0 0 0 0 0 0 0 0 0 0 0 0 0 0 0 0 0 0 0 0 0 0 0 0 0 0 0 0 0 0 0 0 0 0 0 0 0 0 0 0 0 0 0 0 0 0 0 0 0 0 0 0 0 0 0 0 0 0 0 0 0 0 0 0 0 0 0 0 0 0 0 0 0 0 0 0 0 0 0
0 0 0 0 0 0 0 0 0 0 0 0 0 0 0 0 0 0 0 0 0 0 0 0 0 0 0 0 0 0 0 0 0 0 0 0 0 0 0 0 0 0 0 0 0 0 0 0 0 0 0 0 0 0 0 0 0 0 0 0 0 0 0 0 0 0 0 0 0 0 0 0 0 0 0 0 0 0 0 0 0 0 0 0 0 0 0
0 0 0 0 0 0 0 0 0 0 0 0 0 0 0 0 0 0 0 0 0 0 0 0 0 0 0 0 0 0 0 0 0 0 0 0 0 0 0 0 0 0 0 0 0 0 0 0 0 0 0 0 0 0 0 0 0 0 0 0 0 0 0 0 0 0 0 0 0 0 0 0 0 0 0 0 0 0 0 0 0 0 0 0 0 0 0
0 0 0 0 0 0 0 0 0 0 0 0 0 0 0 0 0 0 0 0 0 0 0 0 0 0 0 0 0 0 0 0 0 0 0 0 0 0 0 0 0 0 0 0 0 0 0 0 0 0 0 0 0 0 0 0 0 0 0 0 0 0 0 0 0 0 0 0 0 0 0 0 0 0 0 0 0 0 0 0 0 0 0 0 0 0 0
0 0 0 0 0 0 0 0 0 0 0 0 0 0 0 0 0 0 0 0 0 0 0 0 0 0 0 0 0 0 0 0 0 0 0 0 0 0 0 0 0 0 0 0 0 0 0 0 0 0 0 0 0 0 0 0 0 0 0 0 0 0 0 0 0 0 0 0 0 0 0 0 0 0 0 0 0 0 0 0 0 0 0 0 0 0 0
0 0 0 0 0 0 0 0 0 0 0 0 0 0 0 0 0 0 0 0 0 0 0 0 0 0 0 0 0 0 0 0 0 0 0 0 0 0 0 0 0 0 0 0 0 0 0 0 0 0 0 0 0 0 0 0 0 0 0 0 0 0 0 0 0 0 0 0 0 0 0 0 0 0 0 0 0 0 0 0 0 0 0 0 0 0 0
0 0 0 0 0 0 0 0 0 0 0 0 0 0 0 0 0 0 0 0 0 0 0 0 0 0 0 0 0 0 0 0 0 0 0 0 0 0 0 0 0 0 0 0 0 0 0 0 0 0 0 0 0 0 0 0 0 0 0 0 0 0 0 0 0 0 0 0 0 0 0 0 0 0 0 0 0 0 0 0 0 0 0 0 0 0 0
0 0 0 0 0 0 0 0 0 0 0 0 0 0 0 0 0 0 0 0 0 0 0 0 0 0 0 0 0 0 0 0 0 0 0 0 0 0 0 0 0 0 0 0 0 0 0 0 0 0 0 0 0 0 0 0 0 0 0 0 0 0 0 0 0 0 0 0 0 0 0 0 0 0 0 0 0 0 0 0 0 0 0 0 0 0 0
0 0 0 0 0 0 0 0 0 0 0 0 0 0 0 0 0 0 0 0 0 0 0 0 0 0 0 0 0 0 0 0 0 0 0 0 0 0 0 0 0 0 0 0 0 0 0 0 0 0 0 0 0 0 0 0 0 0 0 0 0 0 0 0 0 0 0 0 0 0 0 0 0 0 0 0 0 0 0 0 0 0 0 0 0 0 0
0 0 0 0 0 0 0 0 0 0 0 0 0 0 0 0 0 0 0 0 0 0 0 0 0 0 0 0 0 0 0 0 0 0 0 0 0 0 0 0 0 0 0 0 0 0 0 0 0 0 0 0 0 0 0 0 0 0 0 0 0 0 0 0 0 0 0 0 0 0 0 0 0 0 0 0 0 0 0 0 0 0 0 0 0 0 0
0 0 0 0 0 0 0 0 0 0 0 0 0 0 0 0 0 0 0 0 0 0 0 0 0 0 0 0 0 0 0 0 0 0 0 0 0 0 0 0 0 0 0 0 0 0 0 0 0 0 0 0 0 0 0 0 0 0 0 0 0 0 0 0 0 0 0 0 0 0 0 0 0 0 0 0 0 0 0 0 0 0 0 0 0 0 0
0 0 0 0 0 0 0 0 0 0 0 0 0 0 0 0 0 0 0 0 0 0 0 0 0 0 0 0 0 0 0 0 0 0 0 0 0 0 0 0 0 0 0 0 0 0 0 0 0 0 0 0 0 0 0 0 0 0 0 0 0 0 0 0 0 0 0 0 0 0 0 0 0 0 0 0 0 0 0 0 0 0 0 0 0 0 0
0 0 0 0 0 0 0 0 0 0 0 0 0 0 0 0 0 0 0 0 0 0 0 0 0 0 0 0 0 0 0 0 0 0 0 0 0 0 0 0 0 0 0 0 0 0 0 0 0 0 0 0 0 0 0 0 0 0 0 0 0 0 0 0 0 0 0 0 0 0 0 0 0 0 0 0 0 0 0 0 0 0 0 0 0 0 0
0 0 0 0 0 0 0 0 0 0 0 0 0 0 0 0 0 0 0 0 0 0 0 0 0 0 0 0 0 0 0 0 0 0 0 0 0 0 0 0 0 0 0 0 0 0 0 0 0 0 0 0 0 0 0 0 0 0 0 0 0 0 0 0 0 0 0 0 0 0 0 0 0 0 0 0 0 0 0 0 0 0 0 0 0 0 0
0 0 0 0 0 0 0 0 0 0 0 0 0 0 0 0 0 0 0 0 0 0 0 0 0 0 0 0 0 0 0 0 0 0 0 0 0 0 0 0 0 0 0 0 0 0 0 0 0 0 0 0 0 0 0 0 0 0 0 0 0 0 0 0 0 0 0 0 0 0 0 0 0 0 0 0 0 0 0 0 0 0 0 0 0 0 0
0 0 0 0 0 0 0 0 0 0 0 0 0 0 0 0 0 0 0 0 0 0 0 0 0 0 0 0 0 0 0 0 0 0 0 0 0 0 0 0 0 0 0 0 0 0 0 0 0 0 0 0 0 0 0 0 0 0 0 0 0 0 0 0 0 0 0 0 0 0 0 0 0 0 0 0 0 0 0 0 0 0 0 0 0 0 0
0 0 0 0 0 0 0 0 0 0 0 0 0 0 0 0 0 0 0 0 0 0 0 0 0 0 0 0 0 0 0 0 0 0 0 0 0 0 0 0 0 0 0 0 0 0 0 0 0 0 0 0 0 0 0 0 0 0 0 0 0 0 0 0 0 0 0 0 0 0 0 0 0 0 0 0 0 0 0 0 0 0 0 0 0 0 0
0 0 0 0 0 0 0 0 0 0 0 0 0 0 0 0 0 0 0 0 0 0 0 0 0 0 0 0 0 0 0 0 0 0 0 0 0 0 0 0 0 0 0 0 0 0 0 0 0 0 0 0 0 0 0 0 0 0 0 0 0 0 0 0 0 0 0 0 0 0 0 0 0 0 0 0 0 0 0 0 0 0 0 0 0 0 0
0 0 0 0 0 0 0 0 0 0 0 0 0 0 0 0 0 0 0 0 0 0 0 0 0 0 0 0 0 0 0 0 0 0 0 0 0 0 0 0 0 0 0 0 0 0 0 0 0 0 0 0 0 0 0 0 0 0 0 0 0 0 0 0 0 0 0 0 0 0 0 0 0 0 0 0 0 0 0 0 0 0 0 0 0 0 0
0 0 0 0 0 0 0 0 0 0 0 0 0 0 0 0 0 0 0 0 0 0 0 0 0 0 0 0 0 0 0 0 0 0 0 0 0 0 0 0 0 0 0 0 0 0 0 0 0 0 0 0 0 0 0 0 0 0 0 0 0 0 0 0 0 0 0 0 0 0 0 0 0 0 0 0 0 0 0 0 0 0 0 0 0 0 0
0 0 0 0 0 0 0 0 0 0 0 0 0 0 0 0 0 0 0 0 0 0 0 0 0 0 0 0 0 0 0 0 0 0 0 0 0 0 0 0 0 0 0 0 0 0 0 0 0 0 0 0 0 0 0 0 0 0 0 0 0 0 0 0 0 0 0 0 0 0 0 0 0 0 0 0 0 0 0 0 0 0 0 0 0 0 0

# TotFIC1 
 6.5138 1.36483 1.97706 4.39626 4.68468 11.00883 7.98913 21.17249 11.62325 16.49387 19.97255 12.07845 15.52137 11.44068 11.2572 13.02915 6.90088 5.97109 12.37735 6.11131 3.48528 6.84323 7.72413 4.18463 4.92522 5.13201 4.09878 2.85105 7.33859 6.92692 

# TotFIC2 
 4.78503 5.00605 6.8821 6.5882 6.5968 11.01878 16.23791 11.34354 17.98356 18.22677 11.30519 8.13517 10.716 9.23795 8.28986 6.9167 6.01559 6.34797 5.69509 6.46703 8.43406 8.78434 8.48767 9.26512 10.48588 5.93039 7.91886 6.90235 6.26406 5.92087 

# M1seg 
 0.1 0.1 0.1 0.1 0.1 0.1 0.1 0.1 0.1 0.1 0.1 0.1 0.1 0.1 0.1 0.1 0.1 0.1 0.1 0.1 0.1 

# SurveyLen_1 
0 0 0 0 0 0 0 0 0 0 0 0 0 0.02209 0.02209 0 0 0 0 0.01372 0 0 0 0.02012 0.02209 0 0.04222 0.07606 0.02012 0.08246 0.01372 0.00859 0 0.11382 0.04419 0.14626 0.09058 0.17799 0.07717 0.25255 0.13508 0.08641 0.04222 0.11313 0.12499 0.23711 0.30343 0.19755 0.35908 0.31364 0.41745 0.25454 0.2513 0.36396 0.49502 0.267 0.14676 0.23118 0.23118 0.34747 0.09617 0.06628 0 0 0.10454 0.08245 0 0 0 0 0 0 0 0 0 0 0 0 0 0 0 0 0 0 0 0 0
0 0 0 0.03137 0.01893 0 0.04683 0.03101 0.05574 0 0.01069 0.01069 0.01929 0 0.01069 0 0 0.01649 0.01649 0.01649 0 0 0 0.02032 0.02032 0.00824 0 0 0.00824 0 0.00824 0 0.01207 0.02856 0 0.00675 0.015 0.02473 0 0.05449 0.02856 0.03961 0.02718 0.01105 0.02718 0.00824 0.03812 0.02473 0.1016 0.0135 0.03531 0.10489 0.04356 0.04122 0.01744 0.015 0.05358 0.01207 0.05843 0.04122 0.02324 0.01893 0.00675 0.00675 0.01649 0.02175 0.01649 0 0.00675 0 0 0 0.00675 0 0 0.00675 0 0 0 0 0 0 0 0 0 0 0
0 0 0 0 0 0 0.03858 0 0.01649 0 0 0 0.01647 0 0 0.01647 0.03298 0 0.02209 0.02209 0.05544 0.01649 0.04829 0 0 0 0.05713 0.02209 0 0 0.02405 0 0.04624 0.04064 0.02569 0.02415 0.0356 0.03858 0.02415 0.02209 0.02415 0.02209 0.05713 0.02209 0.02209 0.02209 0.03858 0.02209 0.07623 0.0135 0.07909 0.11412 0.05401 0.11472 0.09571 0.03765 0.10415 0.06559 0.02999 0.07416 0.02999 0.06628 0.01649 0 0 0.01649 0.05507 0.0135 0 0.02209 0 0.02209 0 0 0 0 0 0 0 0 0 0 0 0 0 0 0
0.01712 0.03489 0.01712 0.03489 0.12233 0.06638 0.01712 0.06972 0.05326 0.08283 0.13812 0.15418 0.09906 0.26021 0.10137 0.10899 0.24638 0.14931 0.07072 0.05046 0.11634 0.09187 0.07789 0.06291 0.03209 0.03675 0.01371 0.05326 0.03675 0.05217 0.03209 0.02136 0.01837 0.02743 0.03675 0.05485 0.05931 0.01371 0.01837 0.03209 0.00714 0.05951 0.05512 0.0473 0.03797 0.04114 0.11974 0.00714 0.03209 0.06759 0.08174 0.03209 0.11742 0.06291 0.03923 0.09599 0.08974 0.05485 0.04885 0.0458 0.01712 0.03923 0.05046 0.03914 0.05386 0.05046 0.01371 0.04114 0.02743 0.01371 0.03209 0.0372 0.04114 0 0.01371 0 0 0 0 0 0 0 0 0 0 0 0
0 0 0.02321 0 0.05772 0.10693 0.1087 0.09 0 0.09168 0.21559 0.07356 0.05435 0.07188 0.03945 0.07188 0.03623 0.01812 0.14032 0.09059 0.03623 0.1285 0.03164 0.03623 0.01812 0 0.03623 0.11763 0.03164 0.08599 0.10844 0.0768 0.04976 0.04976 0 0.03623 0.03623 0 0.03623 0.03164 0.03162 0.03164 0.01352 0.06328 0.06571 0.02056 0.0333 0.05435 0.13338 0.11221 0.11789 0.1288 0.09576 0.15714 0.14252 0.19222 0.05846 0.06384 0.0964 0.05868 0.06571 0.09548 0.05461 0.04512 0.07198 0.03623 0.07198 0.08306 0.05407 0.05789 0.04054 0.05866 0 0.0135 0.0135 0.0135 0 0 0 0 0 0 0 0 0 0 0
0 0.04419 0.09248 0.09921 0.06628 0.11984 0.22804 0.11914 0.10655 0.04624 0.1101 0.13872 0.12749 0.10129 0.29304 0.19175 0.16199 0.12546 0.12696 0.11707 0.09926 0.06834 0.03296 0.05996 0.16725 0.09926 0.04624 0.1099 0.04419 0.15466 0.17043 0.13257 0.21382 0.14195 0.13785 0.12133 0.09926 0.1676 0.09894 0.15466 0.20618 0.18409 0.18729 0.33842 0.11346 0.09363 0.32194 0.17641 0.22193 0.23316 0.31681 0.27244 0.40879 0.27433 0.4545 0.19436 0.15164 0.2437 0.17934 0.20261 0.10653 0.10285 0.14871 0.25002 0.12992 0.15078 0.06593 0.1006 0.17053 0.11406 0.03068 0.02415 0.05503 0 0.02209 0.02566 0 0 0 0 0 0 0 0 0 0 0
0 0 0 0.04419 0.02209 0.02209 0 0 0.0439 0.06628 0.06054 0.04419 0.06054 0.15452 0.07079 0.03856 0.077 0.06068 0.12064 0.03858 0.09893 0.08795 0.066 0.07703 0.06614 0.06542 0.09682 0.11033 0.08263 0.06054 0.1469 0.10056 0.09924 0.04405 0.07688 0.14317 0.10279 0.09926 0.11859 0.1469 0.19966 0.06054 0.1578 0.22017 0.28745 0.20381 0.16396 0.16454 0.2592 0.23751 0.12046 0.21229 0.24523 0.12625 0.32701 0.20842 0.15793 0.11906 0.15894 0.17269 0.18173 0.13754 0.23668 0.06427 0.09898 0.14627 0.10056 0.07645 0.05507 0.11874 0.08795 0.04157 0 0 0.01649 0 0.0092 0 0 0 0 0 0 0 0 0 0
0.04552 0.28767 0.25621 0.36386 0.48018 0.45454 0.58777 0.75168 0.62349 0.53457 0.92328 0.65462 0.39022 0.28715 0.4143 0.59331 0.286 0.58231 0.53993 0.38078 0.3626 0.30601 0.09854 0.15742 0.25255 0.11071 0.25949 0.19029 0.22756 0.2315 0.40707 0.15093 0.1066 0.25255 0.04419 0.17539 0.08654 0.14089 0.19844 0.15805 0.18747 0.19907 0.37087 0.1696 0.22076 0.4057 0.12963 0.17104 0.36254 0.08277 0.35717 0.16939 0.29998 0.40626 0.30217 0.23496 0.30408 0.37472 0.41092 0.40047 0.20995 0.12329 0.27308 0.06405 0.24947 0.15039 0.2246 0.28002 0.13785 0.2035 0.1184 0.02137 0.11252 0 0.02137 0.04624 0 0 0 0 0 0 0 0 0 0 0.02209
0.02415 0.09248 0.04624 0.07917 0.10117 0.15359 0.01647 0.05953 0.20406 0.17934 0.16597 0.13505 0.24925 0.31664 0.17371 0.23927 0.38685 0.27561 0.31959 0.1372 0.22649 0.22203 0.25853 0.25178 0.23156 0.29082 0.15724 0.12186 0.04829 0.04154 0.15361 0.10895 0.08893 0.1363 0.09649 0.1108 0 0.09248 0.17373 0.16605 0.09043 0.10132 0.15519 0.12053 0.10517 0.15622 0.13104 0.1284 0.19022 0.20649 0.23063 0.13671 0.17844 0.15076 0.40755 0.25526 0.12432 0.17486 0.19468 0.20087 0.07234 0.13414 0.20633 0.10121 0.23343 0.20114 0.04061 0.17476 0.12372 0.14535 0.16667 0.04419 0.07907 0.07359 0 0.05473 0 0 0 0 0 0 0 0 0 0 0
0.11337 0.20157 0.1534 0.1767 0.28834 0.09567 0.23054 0.31519 0.24097 0.26403 0.24837 0.55428 0.15322 0.23039 0.4425 0.35868 0.14834 0.30297 0.24613 0.20151 0.17041 0.3131 0.2401 0.34497 0.49558 0.3044 0.24055 0.1676 0.25491 0.14753 0.20869 0.35055 0.29218 0.10772 0.14964 0.26158 0.21704 0.23447 0.19492 0.12696 0.17407 0.11047 0.28651 0.11992 0.04347 0.26337 0.20408 0.26021 0.15922 0.12622 0.36636 0.17784 0.16613 0.17643 0.24361 0.41196 0.23276 0.37072 0.15692 0.11932 0.1537 0.19704 0.22091 0.21464 0.26803 0.1315 0.2182 0.14644 0.21352 0.10222 0.28943 0.13222 0.06366 0.06596 0.02415 0.06065 0 0 0.03298 0 0 0 0 0 0 0 0
0.24304 0.16892 0.10415 0.38896 0.33936 0.41287 0.44099 0.62313 0.26677 0.39807 0.9321 0.4698 0.5746 0.35656 0.2618 0.28948 0.40742 0.29735 0.34304 0.27939 0.21326 0.38195 0.17819 0.3687 0.19268 0.27202 0.18609 0.25673 0.13713 0.20725 0.29299 0.32901 0.28517 0.28108 0.27976 0.13688 0.24771 0.20405 0.24933 0.16867 0.28143 0.17065 0.20464 0.15521 0.13814 0.24297 0.28654 0.13713 0.25528 0.1498 0.20259 0.3868 0.21683 0.32856 0.33225 0.37225 0.36141 0.20482 0.05996 0.18015 0.18451 0.04419 0.38015 0.16385 0.27449 0.2108 0.23328 0.31754 0.23634 0.1909 0.05996 0.17376 0.12963 0.13105 0.08694 0 0.02137 0 0 0 0 0 0 0 0 0 0
0.02684 0.07956 0.04976 0.08597 0.19176 0.10176 0.16264 0.10756 0.14165 0.24007 0.16012 0.32626 0.22086 0.25594 0.23681 0.31776 0.29333 0.30264 0.2688 0.34747 0.34331 0.38744 0.16963 0.2535 0.23996 0.06792 0.30214 0.16269 0.24089 0.16788 0.24642 0.18296 0.20106 0.28234 0.19379 0.1762 0.16361 0.16931 0.142 0.1486 0.27372 0.20654 0.12925 0.12689 0.27142 0.1142 0.13141 0.06328 0.14919 0.10388 0.17823 0.1134 0.09012 0.12435 0.15493 0.15452 0.1466 0.1164 0.11573 0.1158 0.06965 0.05832 0.12913 0.08661 0.08016 0.14744 0.06539 0.09354 0.06328 0.08857 0.0824 0.0304 0.03744 0.00704 0 0 0 0 0 0 0 0 0 0 0 0 0
0.19279 0.15604 0.21923 0.18686 0.34966 0.98188 0.36148 0.54521 0.80495 0.72785 0.73793 0.63674 0.79737 0.433 0.43469 0.48635 0.31468 0.40229 0.57043 0.30393 0.46986 0.28018 0.18832 0.25517 0.2204 0.25049 0.09062 0.13615 0.12978 0.06357 0.08365 0.1462 0.11745 0.12244 0.07395 0.07322 0.12441 0.08425 0.07225 0.07789 0.10561 0.05217 0.10872 0.10604 0.10203 0.07491 0.13411 0.09062 0.0612 0.05683 0.09564 0.10236 0.10438 0.16287 0.17427 0.09699 0.09735 0.08365 0.04986 0.09626 0.07493 0.0732 0.06586 0.07263 0.07225 0.08195 0.03209 0.06852 0.0458 0.09599 0.07959 0.04112 0.04016 0.01777 0 0 0 0 0 0 0 0 0 0 0 0 0
0.027 0.05604 0.0198 0.14203 0.22322 0.15999 0.18163 0.26103 0.26226 0.17294 0.21629 0.23508 0.19577 0.22132 0.2691 0.38496 0.25687 0.20379 0.19692 0.18839 0.18164 0.09828 0.07826 0.16036 0.20577 0.20475 0.12364 0.16782 0.22004 0.14639 0.17029 0.0814 0.13558 0.1543 0.12073 0.12656 0.25351 0.11905 0.13715 0.24464 0.17964 0.09949 0.08017 0.20767 0.21132 0.15526 0.15961 0.21337 0.1886 0.20211 0.1932 0.13087 0.2276 0.20305 0.19392 0.18231 0.1012 0.13546 0.10382 0.13194 0.11487 0.17338 0.08573 0.13548 0.07465 0.03164 0.09951 0.09032 0.02704 0.06761 0.09032 0.02704 0.03164 0.02056 0.04516 0 0.0135 0.00704 0 0 0 0 0 0 0 0 0
0 0.01649 0.02058 0.02058 0.13062 0.09341 0.08903 0.19836 0.26615 0.27547 0.50507 0.36833 0.45773 0.45657 0.48733 0.50397 0.53278 0.50027 0.39195 0.41107 0.27182 0.29205 0.17406 0.23316 0.33326 0.28196 0.21723 0.07786 0.17722 0.12111 0.14489 0.1095 0.1087 0.09621 0.07541 0.08537 0.14673 0.14111 0.1801 0.04196 0.10128 0.07898 0.02996 0.24322 0.04347 0.02508 0 0.08778 0.1061 0.10184 0.12758 0.084 0.10839 0.13795 0.04268 0.06776 0.08339 0.05332 0.04268 0.04268 0.04645 0.05913 0.04552 0.04116 0.08233 0.02917 0.05996 0.08971 0.04268 0.03068 0.03707 0 0.02917 0 0 0 0.02058 0 0 0 0 0 0 0 0 0 0
0.1508 0.22013 0.33098 0.3194 0.31755 0.35631 0.36849 0.53442 0.54103 0.45388 0.69489 0.52851 0.44998 0.46239 0.21597 0.54039 0.42981 0.40022 0.35443 0.41341 0.46824 0.39872 0.34892 0.22283 0.23353 0.31996 0.17373 0.12198 0.16519 0.14706 0.09988 0.07368 0.04646 0.09347 0.10878 0.04624 0.04064 0.06762 0.20549 0.04419 0.08812 0.02209 0.06808 0.01649 0.04347 0.05507 0.05791 0.05231 0.02209 0.00859 0.0351 0.09017 0.07975 0.08483 0.05507 0.04624 0.06068 0.11833 0.03858 0.02744 0.04393 0.03582 0.07975 0.03298 0 0 0.03858 0.05231 0.0388 0.04954 0.01649 0.01372 0.02508 0.02209 0 0 0 0 0 0 0 0 0 0 0 0 0
0.14831 0.02516 0.06787 0.14494 0.19638 0.27718 0.3567 0.56049 0.4423 0.4013 0.2423 0.30707 0.28502 0.22832 0.17396 0.20714 0.17721 0.34674 0.13572 0.16157 0.25728 0.26544 0.22296 0.11413 0.0966 0.05809 0.03623 0.06787 0.08229 0.0854 0.13432 0 0.0198 0.03564 0.04516 0.01812 0.09227 0.01812 0.01352 0 0.07415 0 0.01812 0 0 0 0.01812 0 0 0.0198 0.01812 0.03164 0 0 0.01352 0 0.01352 0.03623 0 0 0.01688 0 0 0.01753 0 0 0.01812 0.01753 0.02516 0.01352 0 0 0 0 0 0 0 0 0 0 0 0 0 0 0 0 0
0.06175 0 0.02683 0 0.04116 0.09882 0.08233 0.13891 0.12322 0.16574 0.19965 0.29667 0.14702 0.3782 0.19049 0.31036 0.23711 0.39261 0.20762 0.14301 0.22687 0.08448 0.17857 0.25752 0.1966 0.17608 0.18642 0.18018 0.22165 0.03837 0.13813 0.09311 0.02683 0.01649 0.03927 0.02058 0.02683 0.04116 0 0 0.0703 0.01718 0.04268 0 0 0 0.02209 0.02209 0 0.02209 0 0.00859 0.01649 0.04419 0 0.02683 0.02683 0.02209 0.01649 0.02683 0.02683 0.02683 0.02683 0.00859 0 0 0 0 0.02058 0.02683 0.02058 0.02209 0 0.01649 0 0 0 0 0 0 0 0 0 0 0 0 0
0.04829 0.04064 0 0.04829 0.11868 0.04473 0.16306 0.18872 0.27202 0.20556 0.25661 0.43187 0.37158 0.60704 0.54693 0.3368 0.78704 0.53686 0.62278 0.58242 0.60342 0.31098 0.25556 0.58485 0.26243 0.38608 0.28863 0.44287 0.33039 0.17066 0.3016 0.21059 0.25006 0.21527 0.25957 0.13517 0.19112 0.04133 0.09547 0.04829 0.02415 0.02209 0.04829 0.04829 0.04829 0.04829 0.06326 0 0.07244 0.02415 0.09248 0.07826 0.09248 0.02415 0 0.01649 0 0.01649 0.00859 0.02209 0 0.00859 0 0 0 0 0.02415 0 0 0 0 0 0 0 0 0 0 0 0 0 0 0 0 0 0 0 0
0.06596 0.03858 0.03298 0 0.08805 0.03298 0.03858 0.07362 0.04347 0.04947 0.06596 0.1384 0.03298 0.03786 0.1324 0.12309 0.23787 0.20113 0.33452 0.26109 0.34601 0.38906 0.37339 0.16815 0.2184 0.15434 0.15844 0.19142 0.29006 0.13427 0.10337 0.06201 0.13635 0.17216 0.07084 0.1399 0.10132 0.09454 0.03786 0.04061 0.01649 0.09571 0.06834 0.02209 0.04419 0.06273 0.04064 0.04624 0.04064 0.02137 0.04829 0.02137 0.04064 0.01649 0.04419 0 0 0.02209 0 0 0 0 0 0.04829 0 0 0 0 0 0 0 0 0 0 0 0 0 0 0 0 0 0 0 0 0 0 0
0.06927 0 0.02209 0 0.01718 0.05154 0.03367 0.03436 0.04157 0.03436 0.10169 0.09239 0.00859 0.06433 0.02577 0.07292 0.06012 0.14255 0.10915 0.1465 0.14248 0.12234 0.07826 0.16827 0.11585 0.13076 0.09072 0.17371 0.10937 0.07225 0.06432 0.05411 0.07588 0.09936 0.06567 0.02505 0.12283 0.08218 0.00859 0.01718 0.02137 0.06273 0 0.03293 0.02505 0 0.08103 0.01649 0.04347 0.03296 0.05669 0.01649 0.02415 0 0.01649 0 0.02415 0 0.04552 0.02209 0 0 0 0 0.01647 0 0 0 0 0 0 0 0 0 0 0 0 0 0 0 0 0 0 0 0 0 0
0.02137 0.04347 0.08622 0 0.08766 0.15394 0.06556 0.10484 0.11252 0.16969 0.04061 0.05993 0 0.11047 0.02209 0.02209 0.13675 0.10175 0.10525 0.11894 0.24844 0.18032 0.36923 0.17943 0.23079 0.15917 0.22821 0.1569 0.20214 0.20181 0.27851 0.21756 0.22009 0.16713 0.22215 0.11252 0.25254 0.09715 0.20387 0.07149 0.08008 0.07712 0.11773 0.1157 0.05503 0.12336 0.07354 0.03784 0.07714 0.07149 0.10895 0.05503 0 0.05503 0.00859 0.04347 0.04419 0.06556 0 0 0 0 0 0 0 0 0.02137 0.03293 0 0 0.01647 0 0 0 0 0 0 0 0 0 0 0 0 0 0 0 0
0.08203 0 0.05921 0.08061 0.10057 0.0669 0.04347 0.04552 0.03293 0.06476 0.06273 0.04419 0.06476 0.01649 0.08891 0.04624 0.03293 0.06967 0.05505 0.07357 0.14812 0.11983 0.0848 0.06271 0.19112 0.21845 0.08685 0.25669 0.21997 0.30007 0.29244 0.31656 0.23009 0.38837 0.29857 0.15164 0.25314 0.22896 0.37537 0.17579 0.11519 0.28977 0.20761 0.1863 0.111 0.20973 0.17864 0.15931 0.18141 0.07132 0.11305 0 0.02415 0.14113 0.01649 0 0.03858 0.02209 0 0 0.04061 0.02209 0 0.04347 0.02209 0 0 0 0 0 0 0 0 0 0 0 0 0 0 0 0 0 0 0 0 0 0
0 0 0.02137 0.02209 0.03784 0.04624 0.01647 0.03293 0.03293 0.05799 0.04061 0.13829 0.07154 0.05713 0.06065 0.03786 0.04226 0.0713 0.06927 0.06366 0.04157 0.04064 0.03858 0.01649 0.0713 0.02508 0.12869 0.01649 0.09363 0 0.08573 0.05713 0.03298 0.04942 0.10132 0.03298 0.09366 0.08688 0.09571 0.1847 0.15877 0.06068 0.09894 0.17611 0.14774 0.08805 0.15937 0.11543 0.19516 0.07362 0.09664 0.06591 0.1154 0.08992 0.02137 0.05507 0.02508 0.07717 0.03298 0.01649 0.02415 0.06068 0.01649 0 0 0 0 0 0 0 0 0 0 0 0 0 0 0 0 0 0 0 0 0 0 0 0
0.02415 0 0 0 0 0.04947 0.10454 0.1589 0.15078 0.18078 0.13224 0.17143 0.09366 0.12905 0.08245 0.07418 0.17457 0.20606 0.10696 0.05713 0.20972 0.07039 0.12228 0.20461 0.05004 0.01649 0.08842 0.04947 0.08685 0.05708 0.05507 0.06834 0.10337 0.08685 0.08685 0.03355 0.06273 0.08842 0.0848 0.04347 0.07922 0.08483 0.14792 0.09199 0.07039 0.09924 0.10337 0.02569 0.15521 0.03541 0.14753 0.11868 0.06273 0.03298 0 0.03298 0.0092 0 0 0 0 0 0 0.06271 0 0 0 0 0 0 0 0 0 0 0 0 0 0 0 0 0 0 0 0 0 0 0
0 0.01753 0 0.02028 0.03792 0.0198 0.08636 0.09395 0.11196 0.15454 0.09039 0.15942 0.11614 0.25974 0.1577 0.20103 0.14012 0.06726 0.15776 0.12546 0.18105 0.1065 0.27656 0.08898 0.08303 0.15256 0.12344 0.11331 0.11163 0.08822 0.08933 0.04328 0.06953 0.08419 0.11903 0.05962 0.04093 0.10331 0.04914 0.0556 0.0421 0.05761 0.04437 0.11496 0.0421 0.12439 0.13487 0.07657 0.04496 0.04914 0.0198 0.12103 0.01409 0.05544 0.03505 0.0421 0.01453 0 0.00797 0.0198 0 0 0 0 0 0 0.01453 0 0 0 0 0 0 0 0 0 0 0 0 0 0 0 0 0 0 0 0
0.01649 0.02415 0.01649 0 0.01718 0 0 0.08733 0.11612 0.03858 0.18703 0.05433 0.17319 0.1454 0.05713 0.15911 0.15583 0.08061 0.05993 0.14515 0.16818 0.08616 0.13261 0.10313 0.08899 0.10548 0.09104 0.15507 0.03274 0 0.15151 0.02415 0.09382 0 0.06201 0.04275 0.07826 0 0.06855 0.08971 0.04624 0.08899 0.10168 0.06412 0.02209 0.04552 0.04624 0.02209 0.06967 0.09912 0.08256 0.01772 0.0484 0.02996 0.02415 0.02137 0.03068 0.02209 0 0.03544 0.03334 0 0.02137 0 0 0 0.01772 0 0 0 0 0 0 0 0 0 0 0 0 0 0 0 0 0 0 0 0
0.02415 0 0.02415 0 0.08766 0.08622 0.02209 0.02137 0.04645 0.04347 0.04275 0.08694 0.06484 0.04552 0.13113 0.06065 0.1006 0.06273 0.12901 0.02137 0.15242 0.08011 0.08685 0.08971 0.08103 0.04347 0.05483 0.08971 0.13451 0.04829 0.04552 0.01649 0.08971 0.02137 0.02415 0.09382 0.04133 0.01649 0.01839 0 0 0.06762 0.02137 0.0092 0.04275 0.08971 0.04624 0.03977 0 0.04778 0 0.04829 0.01649 0 0.03727 0 0.00972 0.02415 0 0 0 0.02137 0 0 0 0 0 0 0 0 0 0 0 0 0 0 0 0 0 0 0 0 0 0 0 0 0
0.14962 0.16886 0.12824 0.19514 0.27786 0.25158 0.37616 0.27573 0.28413 0.38421 0.34913 0.14542 0.17163 0.11335 0.10268 0.13265 0.19249 0.10473 0.19094 0.05993 0.11794 0.07548 0.13237 0.1034 0.10054 0.10472 0.10822 0.07467 0.09266 0.1346 0.11383 0.05755 0.15725 0.1563 0.10808 0.05695 0.12554 0.17978 0.06117 0.0865 0.10787 0.11131 0.05174 0.06547 0.12141 0.07933 0.04307 0.03679 0.07798 0.03603 0.05113 0.05113 0.0092 0 0.01839 0.0092 0.02692 0.0092 0.02759 0.02812 0.07223 0.02744 0 0.02744 0.0092 0 0 0 0.00972 0.02864 0 0 0 0 0 0 0 0 0 0 0 0 0 0 0 0 0
0 0.01647 0 0 0.02209 0.06065 0.045 0.09687 0.08132 0.11916 0.10986 0.05359 0.05922 0.22949 0.26113 0.10332 0.20164 0.18782 0.20096 0.09771 0.17352 0.11141 0.08103 0.13372 0.1305 0.09416 0.1011 0.06253 0.04626 0.07039 0.0998 0.0719 0.13176 0.05394 0.11949 0.0921 0.06694 0.09818 0.10418 0.05394 0.05445 0.20801 0.13789 0.09968 0.13943 0.14226 0.1109 0.07146 0.04628 0.15461 0.03622 0.1201 0.13046 0.07495 0.09319 0.15461 0.11385 0.09319 0.06511 0.13046 0.10526 0.1491 0.05591 0.05591 0.13046 0.11182 0.11182 0 0.11182 0 0.03727 0.03727 0 0 0 0 0 0 0 0 0 0 0 0 0 0 0

# SurveyLen_2 
0 0 0 0 0 0.0066 0.0198 0.00352 0.0066 0.0132 0.0198 0.02978 0.02978 0.0066 0.02479 0.03638 0.033 0.02479 0.04071 0.0198 0.03183 0.00906 0 0.0198 0.0066 0.0066 0.03378 0.019 0.0218 0.01812 0.04113 0.02513 0.03745 0.02805 0.06122 0.05857 0.05013 0.04047 0.08968 0.05031 0.1341 0.0919 0.09132 0.13137 0.22642 0.19212 0.10452 0.16237 0.18416 0.16512 0.20247 0.27889 0.18255 0.20082 0.20752 0.23351 0.1536 0.16135 0.10375 0.07694 0.0413 0.06979 0.07507 0.06661 0.03031 0.05172 0.04164 0.01485 0.05649 0.02472 0.03911 0 0.01566 0.00906 0 0 0 0 0 0 0 0 0 0 0 0 0
0.05691 0.04076 0.03741 0 0.0484 0.08497 0.10926 0.08603 0.0911 0.14265 0.12883 0.05746 0.11028 0.0713 0.0416 0.0716 0.05856 0.0384 0.03998 0.07558 0.01258 0.05276 0.01158 0.01582 0.03187 0.00352 0.01986 0.01342 0.0174 0.00704 0.02856 0.01158 0.00352 0.01896 0.03047 0.01283 0.03164 0.0151 0.00352 0.01352 0.04328 0.04381 0.03768 0.05082 0.10678 0.09442 0.09308 0.11702 0.18388 0.12135 0.18385 0.22841 0.2472 0.18154 0.21159 0.14794 0.17773 0.10058 0.15162 0.12066 0.09799 0.09696 0.08693 0.0757 0.05312 0.04008 0.02378 0.02148 0.01582 0.02572 0.02772 0.01352 0.00482 0.00906 0.01666 0 0 0 0 0 0.00676 0 0 0 0 0 0
0.03623 0.04614 0.05435 0 0.06425 0 0.04614 0.0198 0.10286 0.04915 0.11852 0.15125 0.08881 0.12399 0.10823 0.1972 0.24906 0.22772 0.23419 0.24394 0.0968 0.09949 0.10503 0.07356 0.05964 0.0867 0.06309 0.02342 0.02763 0.07235 0.03164 0.06425 0.05604 0.10939 0.04516 0.03044 0.06745 0.02342 0.06311 0.08869 0.07995 0.05409 0.01755 0.03564 0.12194 0.07889 0.11775 0.07107 0.0722 0.17614 0.2075 0.1869 0.12139 0.12137 0.17049 0.21603 0.19379 0.18692 0.11543 0.12539 0.09113 0.15181 0.08515 0.13165 0.16779 0.06368 0.0768 0.01393 0.05964 0.0099 0.04614 0.02802 0.0099 0.0135 0 0 0.01352 0 0 0 0 0 0 0 0 0 0
0.1612 0.03623 0.21327 0.27327 0.1992 0.12777 0.17801 0.07971 0.08817 0.24357 0.26079 0.13069 0.09446 0.12827 0.12777 0.05544 0.06505 0.08317 0.04693 0.02882 0.05311 0.08926 0.05128 0.01803 0.07398 0.07406 0.09209 0.07247 0.07114 0.01812 0.05435 0.05586 0.10915 0.04401 0.03792 0.03615 0.05302 0.10605 0.07229 0.03417 0.07105 0.09094 0.05772 0.00901 0.03606 0.09703 0.05293 0.10599 0.03606 0.05302 0.05471 0.1452 0.1583 0.17039 0.06496 0.08113 0.14202 0.15466 0.1054 0.0548 0.09209 0.05763 0.10622 0.09378 0.03606 0.0897 0.07406 0.06505 0.04862 0.07406 0.07282 0.06505 0.02882 0 0.02713 0.04862 0 0.0198 0.00901 0 0 0 0 0 0 0 0
0.04614 0.13084 0.09659 0.09228 0.10519 0.02405 0.0847 0.07039 0.01647 0.09248 0.07917 0.04054 0.04829 0.07029 0.11868 0.01649 0.06068 0.04064 0 0.04624 0.10897 0.04829 0.03858 0.03068 0.06065 0.02415 0.08015 0.08779 0.05703 0.04419 0.05483 0.11976 0.09926 0.09011 0.08805 0.06273 0.00859 0.07156 0.18707 0.07039 0.15489 0.10337 0.08688 0.02621 0.02508 0.04947 0.08576 0.09101 0.12103 0.14414 0.20381 0.14494 0.08245 0.20586 0.25738 0.13752 0.25864 0.12103 0.15962 0.10692 0.09894 0.08015 0.14979 0.11575 0.07362 0.01649 0.08781 0.10454 0.10657 0.13224 0.05507 0.02209 0.09571 0.05713 0.02415 0.01649 0 0.04064 0.01649 0 0 0 0.02415 0 0 0 0
0.15634 0.04275 0.13026 0.18372 0.07575 0.02683 0.12396 0.06467 0.05921 0.20777 0.0482 0.05993 0.20633 0.01649 0.09696 0.12956 0.11407 0.0433 0.02137 0.08659 0.02683 0.02683 0.03784 0.0482 0.03927 0.07084 0.03858 0.01649 0.01649 0.09115 0.0873 0.01649 0.16427 0.15743 0.10886 0.14709 0.13166 0.03293 0.05981 0.0526 0.15727 0.16039 0.13569 0.20337 0.13027 0.13293 0.17096 0.06628 0.17022 0.24779 0.34401 0.26438 0.65105 0.51051 0.55034 0.68103 0.50958 0.317 0.54769 0.15976 0.25709 0.12554 0.25902 0.12133 0.19274 0 0.12537 0.16341 0.11922 0.13288 0.02683 0.01649 0.02683 0.02209 0 0.01649 0.02137 0 0.01649 0 0 0 0 0 0 0 0
0.3452 0.31238 0.22288 0.27279 0.40481 0.32704 0.38651 0.49139 0.25033 0.3138 0.34384 0.27532 0.29382 0.31417 0.32091 0.33678 0.49312 0.33544 0.19643 0.20921 0.24198 0.05214 0.14818 0.1015 0.10779 0.08919 0.11182 0.14463 0.11559 0.10531 0.25938 0.05332 0.15547 0.12774 0.08346 0.09504 0.07487 0.10556 0.10611 0.14195 0.10389 0.17199 0.10905 0.11548 0.28854 0.26325 0.34526 0.30594 0.21301 0.16329 0.1579 0.25907 0.33702 0.28083 0.1275 0.3824 0.42396 0.32743 0.45659 0.14698 0.26029 0.21671 0.22393 0.27526 0.16965 0.16522 0.22113 0.08277 0.10415 0.11758 0.10128 0.16347 0.07566 0.07717 0.02137 0.07717 0 0 0.02209 0 0.01649 0 0 0 0 0 0
0.0135 0.04453 0 0.06491 0.09362 0.1105 0.16477 0.25694 0.11106 0.10453 0.23677 0.16268 0.23965 0.18383 0.20241 0.14665 0.2065 0.14882 0.04247 0.07382 0.11426 0.06646 0.16608 0.0754 0.08317 0.08494 0.08815 0.07635 0.04691 0.11134 0.0923 0.06272 0.06 0.05413 0.02415 0.12197 0.06142 0.03245 0.02209 0.08596 0.09524 0.03661 0.05427 0.01753 0.05283 0.07623 0.04037 0.0786 0.11039 0.16681 0.2676 0.24657 0.40855 0.40752 0.33752 0.53631 0.46592 0.38933 0.41894 0.32571 0.28832 0.23212 0.25042 0.12566 0.21511 0.2007 0.21278 0.2804 0.2943 0.12696 0.11398 0.13657 0.08529 0.01623 0.04076 0.03661 0 0.01623 0 0 0 0 0 0 0 0 0
0.02415 0.0135 0.0356 0.02209 0.05538 0.11022 0.05115 0.0135 0.15072 0.10188 0.0753 0.10573 0.09496 0.08351 0.22534 0.28035 0.3421 0.10854 0.14556 0.15415 0.29241 0.22061 0.15432 0.26287 0.3837 0.27057 0.50597 0.34853 0.29254 0.24848 0.38746 0.31245 0.13684 0.27313 0.22689 0.18334 0.16727 0.2333 0.1656 0.06603 0.16586 0.18078 0.1853 0.07953 0.18103 0.16522 0.16266 0.14804 0.08812 0.16983 0.21637 0.31851 0.37825 0.22433 0.75292 0.691 0.95345 0.53698 0.41946 0.59994 0.89463 0.3027 0.18501 0.26882 0.4807 0.48112 0.14313 0.2536 0.24731 0.12398 0.28433 0.10586 0.04419 0.14313 0.06167 0 0 0 0.01979 0 0 0 0 0 0 0 0
0.11531 0.22949 0.22834 0.24143 0.48246 0.41584 0.56322 0.30262 0.32263 0.41436 0.42448 0.44257 0.37432 0.34693 0.18054 0.1158 0.26063 0.18913 0.11399 0.13835 0.29293 0.19445 0.17851 0.16665 0.19791 0.2212 0.31879 0.31918 0.30362 0.25103 0.39369 0.27468 0.19363 0.38559 0.32948 0.16698 0.35232 0.11012 0.31603 0.1431 0.31564 0.19435 0.11983 0.30037 0.23086 0.09454 0.19412 0.09926 0.12299 0.15074 0.24188 0.3385 0.34021 0.20891 0.25357 0.25685 0.24428 0.30835 0.34302 0.22635 0.29693 0.09366 0.17083 0.23345 0.19796 0.21702 0.22267 0.19497 0.08245 0.27862 0.10487 0.25448 0.07337 0.1101 0.01649 0.02209 0.02415 0 0 0.03573 0 0 0 0 0 0 0
0.22433 0.38361 0.20757 0.23527 0.19669 0.4151 0.45694 0.23039 0.34791 0.36917 0.24304 0.17732 0.3146 0.16591 0.18316 0.14478 0.26865 0.1455 0.13185 0.17023 0.16608 0.13515 0.12133 0.05747 0.02351 0.07487 0.07156 0.0663 0.06556 0.09731 0.09592 0.1099 0.0797 0.06977 0.02914 0.04534 0.22518 0.02351 0.0844 0.11866 0.08573 0.05373 0.12072 0.03623 0.17036 0.07583 0.06231 0.09002 0.06783 0.09229 0.14187 0.15897 0.14344 0.16393 0.2808 0.20833 0.15163 0.14409 0.20383 0.30126 0.15894 0.15492 0.15007 0.02704 0.09069 0.13921 0.18033 0.08211 0.18261 0.13085 0.10478 0.10087 0.0481 0.0567 0.04516 0.05208 0 0.01812 0.02209 0.01812 0.01647 0 0 0 0 0 0
0.06897 0.1634 0.16342 0.09673 0.08816 0.19793 0.30843 0.26173 0.10225 0.14209 0.17088 0.17022 0.09218 0.11252 0.11449 0.1681 0.14705 0.16322 0.12909 0.09538 0.16853 0.15521 0.21936 0.13289 0.09655 0.07122 0.05085 0.05369 0.04512 0.07425 0.14128 0.05772 0.07349 0.0396 0.03792 0.1787 0.07124 0.11165 0.1208 0.08474 0.13064 0.09951 0.05083 0.08013 0.07383 0.08288 0.04037 0.0322 0.09372 0.08877 0.14203 0.11452 0.12223 0.10579 0.23077 0.15262 0.15276 0.17367 0.06726 0.04684 0.10288 0.01352 0.13283 0.12726 0.07415 0.06664 0.04976 0.0808 0.08767 0.03164 0.11207 0.08936 0.04757 0.03162 0.03164 0 0.03332 0 0 0 0 0 0 0 0 0 0
0.01352 0 0.05639 0.04861 0.1346 0.12285 0.09262 0.11824 0.21979 0.18609 0.27875 0.11824 0.23329 0.25779 0.17831 0.25922 0.1691 0.0949 0.17629 0.1767 0.16569 0.08227 0.11963 0.07678 0.09808 0.11848 0.1792 0.15447 0.08803 0.12171 0.15129 0.06757 0.13863 0.02106 0.0394 0.12857 0.10017 0.12075 0.14093 0.06213 0.09691 0.16273 0.03825 0.08803 0.15245 0.0135 0.21432 0.11763 0.17631 0.20997 0.22923 0.0903 0.12629 0.24506 0.32182 0.27553 0.23385 0.2508 0.22211 0.21908 0.36011 0.09377 0.2077 0.12426 0.19875 0.17714 0.18284 0.05868 0.19645 0.12541 0.10268 0.08454 0.05639 0.06728 0.02704 0.0135 0.03164 0.01352 0 0 0 0 0 0 0 0 0
0.0707 0.06978 0.14435 0.20162 0.10743 0.13159 0.10497 0.18359 0.14272 0.18221 0.23175 0.1963 0.18751 0.08218 0.31657 0.16696 0.22042 0.2633 0.23267 0.1723 0.25529 0.10349 0.12386 0.12343 0.09747 0.16375 0.13879 0.11526 0.12642 0.1446 0.23558 0.10212 0.13299 0.10741 0.05518 0.12655 0.13141 0.08111 0.13259 0.14134 0.11789 0.03677 0.10286 0.0408 0.04571 0.05979 0.06954 0.03405 0.01409 0.10577 0.11033 0.11954 0.14879 0.165 0.14149 0.13675 0.10228 0.15341 0.09569 0.09841 0.09088 0.12659 0.17236 0.13653 0.07757 0.16261 0.223 0.06596 0.07037 0.04868 0.0593 0.03434 0 0 0 0.00704 0.01623 0 0 0 0 0 0 0 0 0 0
0.04275 0.02137 0.02137 0.04275 0.07917 0.02209 0.12683 0.10974 0.06199 0.13666 0.21432 0.17102 0.18865 0.17442 0.15905 0.28169 0.26169 0.37622 0.32382 0.28678 0.18013 0.25577 0.25072 0.12337 0.23566 0.22405 0.17603 0.10538 0.19079 0.01839 0.06476 0.21426 0.09023 0.14501 0.08049 0.1467 0.04624 0.12317 0.0719 0.08685 0.04624 0.07712 0.06065 0.03274 0.07959 0.11432 0.10816 0.0874 0.08376 0.08787 0.15229 0.09533 0.13986 0.09404 0.05108 0.05936 0.08607 0.01647 0.15083 0.1118 0.08582 0.02415 0.03068 0.06167 0.06603 0.02209 0.02137 0.10817 0.02209 0.08376 0.00859 0 0 0.08812 0 0 0 0 0 0 0 0 0 0 0 0 0
0.0198 0.0729 0.03332 0.15303 0.09272 0.1049 0.22834 0.22698 0.22298 0.13764 0.16902 0.22662 0.25548 0.16734 0.20913 0.15042 0.26067 0.22696 0.32898 0.24626 0.31284 0.33587 0.11082 0.23426 0.14583 0.11743 0.1948 0.17652 0.05144 0.11854 0.11562 0.07844 0.04682 0.0792 0.04682 0.0413 0.0666 0.08187 0.05403 0.03332 0.00603 0.0468 0.00939 0 0.027 0.06033 0.0333 0.0135 0.03332 0.01812 0 0.04994 0.00603 0.03164 0.0135 0.0594 0.0198 0.04054 0.03733 0.11252 0 0.03162 0.03623 0.05455 0.01352 0 0.05312 0.0135 0.0333 0.01352 0.0198 0 0 0.0198 0.03332 0 0 0 0 0 0 0 0 0 0 0 0
0.14962 0.15034 0.10196 0.06412 0.12545 0.20603 0.24754 0.33962 0.11003 0.09777 0.24061 0.23203 0.20669 0.12054 0.24996 0.088 0.10306 0.12846 0.16664 0.03504 0.32997 0.17079 0.24864 0.1571 0.15947 0.0808 0.20712 0.17562 0.12768 0.03715 0.15003 0.07221 0.03995 0.09711 0.06783 0.03715 0.03715 0.03856 0.03068 0.01649 0.08731 0 0 0.01718 0 0 0.02209 0.01649 0 0.02209 0.02716 0 0.02716 0.01718 0.08149 0.03786 0.05852 0.02505 0 0.05224 0.02716 0 0.01649 0 0 0.01649 0 0 0 0 0 0 0 0 0 0 0.01857 0 0 0 0 0 0 0 0 0 0
0 0.01649 0.07135 0 0.07698 0.0439 0.02195 0.06068 0.13737 0.0714 0.13766 0.17619 0.17633 0.21455 0.1973 0.29152 0.29689 0.24761 0.11528 0.41825 0.31354 0.14608 0.23112 0.07154 0.31967 0.19271 0.14298 0.1371 0.14877 0.08126 0.15662 0.05278 0.06614 0.07717 0.20943 0.14889 0.06628 0.09782 0.05264 0.03858 0.12107 0.04419 0.02209 0.06054 0.02209 0.03367 0.01649 0 0.06628 0.03858 0.03858 0.03844 0.02209 0 0.04419 0.06054 0 0.00859 0.03054 0.03858 0 0.02209 0 0.01649 0.04703 0 0 0 0 0 0.01649 0 0.01649 0 0 0 0 0 0 0 0 0 0 0 0 0 0
0 0 0.06556 0 0.10825 0.02209 0.04064 0.08899 0.10548 0.06762 0.10825 0.07154 0.111 0.15915 0.22718 0.07152 0.20579 0.17464 0.1434 0.3119 0.24143 0.11704 0.3221 0.19252 0.18742 0.1676 0.1994 0.10895 0.03858 0.06068 0.06834 0.03298 0.06834 0.02415 0.08483 0.10415 0.18969 0.13872 0.04419 0.02209 0.15111 0.06628 0.06628 0.04624 0.02415 0.0848 0.04778 0.08838 0.06628 0.02209 0.04419 0.04419 0.07244 0.02415 0.04419 0.02415 0.04419 0 0.01649 0.02415 0 0 0.03858 0 0.04419 0 0.04419 0 0.02209 0 0.02415 0.02415 0 0 0 0 0 0 0 0 0 0 0 0 0 0 0
0.02209 0 0 0.02137 0 0.15466 0.08766 0.08766 0.06628 0.04347 0.18086 0.06556 0.03182 0.06762 0.04347 0.1339 0.07806 0.06834 0.12419 0.09043 0.25053 0.15451 0.33361 0.2663 0.31121 0.22638 0.23799 0.294 0.06068 0.15111 0.29194 0.10107 0.28295 0.11458 0.19946 0.10692 0.17454 0.15877 0.10415 0.06628 0.1324 0.02415 0.1062 0.11252 0.08766 0.03858 0.08411 0.07717 0.04419 0.04419 0.08838 0.04419 0.02209 0.06628 0 0.01649 0.06408 0.05507 0.01649 0 0.02209 0.02209 0 0.02209 0 0.02209 0 0 0 0 0 0 0 0 0 0 0 0 0 0 0 0 0 0 0 0 0
0.02209 0.03856 0.08694 0.04419 0.08838 0.11987 0.17603 0.13185 0.06065 0.15178 0.12131 0.10199 0.10057 0.09043 0.16478 0.14967 0.16256 0.23244 0.15615 0.24642 0.32917 0.13035 0.16552 0.19519 0.32469 0.11047 0.14609 0.1376 0.21233 0.17874 0.1775 0.24859 0.25726 0.11007 0.09924 0.10129 0.25032 0.13035 0.07922 0.1122 0.11041 0.13462 0.23238 0.14548 0.11781 0.06593 0.25448 0.12829 0.16688 0.08483 0.09363 0.13785 0.09926 0.13483 0.08277 0.07717 0.04064 0.08766 0.04419 0.02209 0.05713 0.07717 0.03858 0 0.01649 0.02415 0 0 0 0 0 0.01649 0 0 0 0 0 0 0 0 0 0 0 0 0 0 0
0.04419 0.05996 0.06628 0.07154 0.04419 0.03858 0.22548 0.08411 0.10782 0.14547 0.14059 0.1549 0.09331 0.09938 0.102 0.05105 0.06273 0.07201 0.13474 0.03856 0.15629 0.04215 0.20029 0.19533 0.19919 0.20745 0.1154 0.24909 0.4214 0.17938 0.27887 0.18981 0.18671 0.17642 0.26786 0.32579 0.35272 0.27163 0.29584 0.11698 0.41547 0.21672 0.2132 0.2796 0.26485 0.14816 0.20231 0.13189 0.06596 0.07359 0.09363 0.11543 0.02209 0.04947 0.03858 0.03298 0.02415 0.01649 0.01649 0.01649 0 0 0.01649 0.01649 0 0 0 0.02415 0 0 0 0 0 0 0 0 0 0 0 0 0.02415 0 0 0 0 0 0
0 0 0.04624 0.02415 0.06271 0.16082 0.09248 0.16698 0.25946 0.12074 0.15142 0.09616 0.23245 0.08962 0.28074 0.12236 0.13791 0.16001 0.2754 0.09544 0.09914 0.09821 0.05688 0.26815 0.13791 0.09124 0.1424 0.14855 0.21484 0.19952 0.20776 0.25044 0.21916 0.25698 0.08194 0.15979 0.16163 0.07941 0.09616 0.17969 0.14218 0.16834 0.19993 0.1154 0.23992 0.17332 0.07968 0.17127 0.17893 0.15316 0.24508 0.09269 0.19075 0.11252 0.13107 0.04064 0.03274 0.02415 0.10313 0 0.06478 0.02415 0.02209 0.02415 0.02415 0 0.00859 0 0 0 0 0 0 0 0 0 0 0 0 0 0 0 0 0 0 0 0
0 0 0.04419 0.02209 0.06628 0.10975 0.06068 0.04624 0.16123 0.1062 0.12923 0.06927 0.409 0.15683 0.31547 0.23444 0.22644 0.26811 0.09012 0.15745 0.1558 0.22884 0.15671 0.12357 0.19785 0.24027 0.22224 0.10428 0.16738 0.17669 0.23623 0.16423 0.15908 0.20965 0.33101 0.31491 0.26448 0.27879 0.27249 0.1556 0.21712 0.17376 0.16679 0.08685 0.13726 0.24884 0.14195 0.23558 0.20317 0.09363 0.08218 0.01647 0.06834 0.09008 0.06572 0.06967 0.04717 0 0.09569 0.05507 0.04419 0.02415 0 0.02415 0 0 0.02209 0 0.02209 0 0 0 0 0 0 0 0 0 0 0 0 0 0 0 0 0 0
0.01647 0.06834 0.02209 0.07712 0.02209 0.13257 0.07039 0.04624 0.14977 0.10692 0.18147 0.10211 0.15733 0.06924 0.12258 0.25197 0.10916 0.16748 0.23509 0.12096 0.17063 0.17556 0.10371 0.16324 0.13586 0.15538 0.10617 0.09053 0.19926 0.08348 0.16021 0.12398 0.09357 0.13635 0.23973 0.26591 0.24361 0.21225 0.16848 0.41263 0.3029 0.22294 0.24848 0.31286 0.20923 0.23758 0.37213 0.2035 0.2822 0.31797 0.3208 0.22452 0.22792 0.14584 0.17017 0.22023 0.06572 0.15863 0.09494 0.04923 0.1138 0.00859 0.09294 0.01649 0.03293 0.07539 0.02209 0.01649 0 0.03296 0 0.01649 0 0 0 0 0 0 0 0 0 0 0 0 0 0 0
0 0 0 0 0.02209 0.04405 0.02195 0.0439 0 0.06614 0.02195 0.11033 0.04347 0.04347 0.02209 0 0.06964 0.14317 0.08261 0.09332 0.08751 0.08249 0.08607 0.17285 0.22212 0.236 0.14286 0.10976 0.04333 0.16969 0.02195 0.12625 0.22835 0.09596 0.03842 0.12639 0.06484 0.1229 0.09707 0.08249 0.14557 0.09654 0.0855 0.15962 0.14126 0.16977 0.27114 0.14617 0.19129 0.1895 0.17086 0.13864 0.17278 0.07573 0.07717 0.08728 0.09291 0.04347 0.03856 0 0.02137 0.06542 0.01649 0.03844 0.03786 0.01649 0.01649 0 0.03856 0 0 0 0 0 0 0 0 0 0 0 0 0 0 0 0 0 0
0 0.05993 0.03858 0.02137 0 0.02209 0.06628 0.02209 0.05435 0.11874 0.27563 0.06593 0.12636 0.10362 0.13029 0.20417 0.12733 0.23051 0.14572 0.131 0.12446 0.17139 0.17954 0.17491 0.2224 0.22713 0.16749 0.17229 0.07991 0.13773 0.07642 0.21279 0.07855 0.16579 0.17392 0.24555 0.12748 0.07225 0.11492 0.03298 0.18189 0.1287 0.16336 0.20411 0.13498 0.17149 0.08874 0.18865 0.18633 0.09363 0.13429 0.15362 0.13224 0.1483 0.04942 0.14801 0.08805 0.05507 0.09891 0.06596 0.07642 0.05507 0.02209 0.04347 0.10487 0.02209 0.04419 0.01649 0.01647 0 0 0 0 0 0 0 0 0 0 0 0 0 0 0 0 0 0
0.02209 0.02415 0.11252 0.04419 0.04624 0.10903 0.21737 0.21942 0.1118 0.25386 0.12339 0.17168 0.2393 0.18219 0.17677 0.26209 0.12225 0.11046 0.17864 0.10897 0.17451 0.13312 0.1384 0.22488 0.16965 0.1331 0.23569 0.11458 0.14887 0.1593 0.11911 0.09177 0.02415 0.03858 0.06762 0.08685 0.11124 0.08483 0.01649 0.09475 0.13838 0.13721 0.09064 0.14961 0.13538 0.07919 0.21122 0.11501 0.08504 0.10825 0.05713 0.05713 0.07132 0 0.01649 0.07156 0 0 0.04828 0.03296 0.02209 0.03858 0.01649 0 0 0 0.01649 0 0 0 0 0 0 0 0 0 0 0 0 0 0 0 0 0 0 0 0
0.02058 0.10263 0.03858 0.12624 0.21534 0.26225 0.19518 0.13648 0.1918 0.29893 0.15969 0.13185 0.08766 0.06484 0.21994 0.16246 0.07836 0.16862 0.11339 0.07275 0.0568 0.10456 0.20085 0.16965 0.13872 0.10897 0.15758 0.28351 0.14242 0.1051 0.26702 0.1287 0.04829 0.02415 0.0748 0.16451 0.14109 0.06682 0.03622 0.09894 0.05626 0.15758 0.07203 0.08041 0.07362 0.02209 0.07275 0.05713 0.02209 0.05271 0.01207 0.03707 0.03298 0.01649 0.01649 0.03707 0 0.01207 0.04268 0 0 0.01207 0 0 0 0.01207 0 0 0 0 0 0 0 0 0 0 0 0 0 0 0 0 0 0 0 0 0
0 0.01649 0 0.02137 0.01649 0.04275 0.02209 0.06484 0.06556 0.02854 0.1211 0.13113 0.13685 0.12183 0.14548 0.11993 0.07836 0.12778 0.10127 0.13341 0.08041 0.19589 0.13758 0.20152 0.14756 0.24278 0.09615 0.22675 0.089 0.14078 0.08688 0.14197 0.17862 0.10542 0.07244 0.11899 0.11315 0.12933 0.15755 0.06834 0.14725 0.14312 0.13754 0.14312 0.0748 0.11694 0.07478 0.10573 0.101 0 0.17201 0.09008 0.06154 0.06154 0.05507 0.07156 0.01649 0.04505 0.02415 0.01207 0.01207 0 0.01649 0 0.01207 0 0 0 0 0 0 0 0 0 0 0 0 0 0 0 0 0 0 0 0 0 0

# Eof 
 54321 

