# Number of parameters = 88  Objective function value = 35130.2  Maximum gradient component = 0.00685637
# aAge1:
 3.34382
# aFt:
 -1.90104
# aYr1:
 1.00000
# dAge1:
 -0.188942 1.68177 0.420897 1.65309 -0.0711018 1.34464 0.748190 -1.61450 1.57447 0.168836 0.783769 0.710036 -0.133202 0.388162 0.938296 -3.23473 -0.869403 0.444349 -0.0999957 -0.987062 0.338525 -1.75756 -0.0573337 -2.57595 0.782454 -0.392236 0.00732284 -0.00294721 0.000156248
# dFt:
 -0.217120 -0.250352 -0.294872 -0.194488 -0.154401 0.0395108 0.0468794 -0.0552642 0.0347048 0.144634 0.477710 0.411784 0.979279 0.583517 0.639012 0.327509 0.539895 0.00243077 0.0932537 -0.408612 -0.180565 -0.637683 -0.376218 -0.353044 -0.325676 -0.285398 -0.106880 -0.291637 -0.293402 0.105491
# FICsel:
 1.32183e-09 0.0909880 0.132992
# FICsel:
 1.32183e-09 0.0909880 0.132992
# Yr1:
 1.64869 1.55206 1.23514 1.08389 0.849574 0.686196 0.606897 0.599091 0.634214 0.679098 0.706258 0.701808 0.664181 0.602387 0.527368 0.447570 0.374112 0.306475 0.241092 0.186852 0.149080
